3125
5
0, 0, 0, 0, 0, 0.129, 0
0, 0, 0, 0, 1, 0.838, 0
0, 0, 0, 0, 2, 0.965, 0
0, 0, 0, 0, 3, 0.375, 0
0, 0, 0, 0, 4, 0.971, 0
0, 0, 0, 1, 0, 0.670, 0
0, 0, 0, 1, 1, 0.077, 0
0, 0, 0, 1, 2, 0.229, 0
0, 0, 0, 1, 3, 0.897, 0
0, 0, 0, 1, 4, 0.804, 0
0, 0, 0, 2, 0, 0.546, 0
0, 0, 0, 2, 1, 0.264, 0
0, 0, 0, 2, 2, 0.787, 0
0, 0, 0, 2, 3, 0.224, 0
0, 0, 0, 2, 4, 0.672, 0
0, 0, 0, 3, 0, 0.717, 0
0, 0, 0, 3, 1, 0.824, 0
0, 0, 0, 3, 2, 0.856, 0
0, 0, 0, 3, 3, 0.337, 0
0, 0, 0, 3, 4, 0.088, 0
0, 0, 0, 4, 0, 0.143, 0
0, 0, 0, 4, 1, 0.969, 0
0, 0, 0, 4, 2, 0.266, 0
0, 0, 0, 4, 3, 0.086, 0
0, 0, 0, 4, 4, 0.166, 0
0, 0, 1, 0, 0, 0.100, 0
0, 0, 1, 0, 1, 0.733, 0
0, 0, 1, 0, 2, 0.641, 0
0, 0, 1, 0, 3, 0.288, 0
0, 0, 1, 0, 4, 0.701, 0
0, 0, 1, 1, 0, 0.337, 0
0, 0, 1, 1, 1, 0.028, 0
0, 0, 1, 1, 2, 0.864, 0
0, 0, 1, 1, 3, 0.207, 0
0, 0, 1, 1, 4, 0.676, 0
0, 0, 1, 2, 0, 0.318, 0
0, 0, 1, 2, 1, 0.984, 0
0, 0, 1, 2, 2, 0.224, 0
0, 0, 1, 2, 3, 0.898, 0
0, 0, 1, 2, 4, 0.507, 0
0, 0, 1, 3, 0, 0.368, 0
0, 0, 1, 3, 1, 0.109, 0
0, 0, 1, 3, 2, 0.870, 0
0, 0, 1, 3, 3, 0.884, 0
0, 0, 1, 3, 4, 0.809, 0
0, 0, 1, 4, 0, 0.304, 0
0, 0, 1, 4, 1, 0.401, 0
0, 0, 1, 4, 2, 0.423, 0
0, 0, 1, 4, 3, 0.978, 0
0, 0, 1, 4, 4, 0.398, 0
0, 0, 2, 0, 0, 0.308, 0
0, 0, 2, 0, 1, 0.241, 0
0, 0, 2, 0, 2, 0.107, 0
0, 0, 2, 0, 3, 0.019, 0
0, 0, 2, 0, 4, 0.349, 0
0, 0, 2, 1, 0, 0.471, 0
0, 0, 2, 1, 1, 0.988, 0
0, 0, 2, 1, 2, 0.396, 0
0, 0, 2, 1, 3, 0.969, 0
0, 0, 2, 1, 4, 0.177, 0
0, 0, 2, 2, 0, 0.969, 0
0, 0, 2, 2, 1, 0.574, 0
0, 0, 2, 2, 2, 0.601, 0
0, 0, 2, 2, 3, 0.352, 0
0, 0, 2, 2, 4, -0.812, 2
0, 0, 2, 3, 0, 0.059, 0
0, 0, 2, 3, 1, 0.771, 0
0, 0, 2, 3, 2, 0.367, 0
0, 0, 2, 3, 3, 0.915, 0
0, 0, 2, 3, 4, 0.917, 0
0, 0, 2, 4, 0, 0.568, 0
0, 0, 2, 4, 1, 0.690, 0
0, 0, 2, 4, 2, 0.406, 0
0, 0, 2, 4, 3, 0.174, 0
0, 0, 2, 4, 4, 0.145, 0
0, 0, 3, 0, 0, 0.123, 0
0, 0, 3, 0, 1, 0.194, 0
0, 0, 3, 0, 2, 0.687, 0
0, 0, 3, 0, 3, 0.798, 0
0, 0, 3, 0, 4, 0.295, 0
0, 0, 3, 1, 0, 0.415, 0
0, 0, 3, 1, 1, 0.531, 0
0, 0, 3, 1, 2, 0.804, 0
0, 0, 3, 1, 3, 0.642, 0
0, 0, 3, 1, 4, 0.849, 0
0, 0, 3, 2, 0, 0.348, 0
0, 0, 3, 2, 1, 0.660, 0
0, 0, 3, 2, 2, 0.658, 0
0, 0, 3, 2, 3, 0.014, 0
0, 0, 3, 2, 4, 0.574, 2
0, 0, 3, 3, 0, 0.580, 0
0, 0, 3, 3, 1, 0.772, 0
0, 0, 3, 3, 2, 0.967, 0
0, 0, 3, 3, 3, 0.547, 0
0, 0, 3, 3, 4, 0.095, 0
0, 0, 3, 4, 0, 0.792, 0
0, 0, 3, 4, 1, 0.293, 0
0, 0, 3, 4, 2, 0.852, 0
0, 0, 3, 4, 3, 0.404, 0
0, 0, 3, 4, 4, 0.525, 0
0, 0, 4, 0, 0, 0.772, 0
0, 0, 4, 0, 1, 0.028, 0
0, 0, 4, 0, 2, 0.669, 0
0, 0, 4, 0, 3, 0.803, 0
0, 0, 4, 0, 4, 0.581, 0
0, 0, 4, 1, 0, 0.282, 0
0, 0, 4, 1, 1, 0.797, 0
0, 0, 4, 1, 2, 0.872, 0
0, 0, 4, 1, 3, 0.463, 0
0, 0, 4, 1, 4, 0.662, 0
0, 0, 4, 2, 0, 0.393, 0
0, 0, 4, 2, 1, 0.832, 0
0, 0, 4, 2, 2, -4.187, 1
0, 0, 4, 2, 3, 0.655, 0
0, 0, 4, 2, 4, -8.271, 1
0, 0, 4, 3, 0, 0.540, 0
0, 0, 4, 3, 1, 0.976, 0
0, 0, 4, 3, 2, 0.414, 0
0, 0, 4, 3, 3, 0.035, 0
0, 0, 4, 3, 4, 0.226, 0
0, 0, 4, 4, 0, 0.369, 0
0, 0, 4, 4, 1, 0.576, 0
0, 0, 4, 4, 2, 0.752, 0
0, 0, 4, 4, 3, 0.845, 0
0, 0, 4, 4, 4, 0.057, 0
0, 1, 0, 0, 0, 0.306, 0
0, 1, 0, 0, 1, 0.895, 0
0, 1, 0, 0, 2, 0.084, 0
0, 1, 0, 0, 3, 0.567, 0
0, 1, 0, 0, 4, 0.484, 0
0, 1, 0, 1, 0, 0.381, 0
0, 1, 0, 1, 1, -4.675, 2
0, 1, 0, 1, 2, 0.324, 0
0, 1, 0, 1, 3, 0.700, 0
0, 1, 0, 1, 4, 0.262, 0
0, 1, 0, 2, 0, 0.549, 0
0, 1, 0, 2, 1, 0.514, 0
0, 1, 0, 2, 2, 0.037, 0
0, 1, 0, 2, 3, 0.248, 0
0, 1, 0, 2, 4, 0.976, 0
0, 1, 0, 3, 0, 0.219, 0
0, 1, 0, 3, 1, 0.463, 0
0, 1, 0, 3, 2, 0.044, 0
0, 1, 0, 3, 3, 0.477, 0
0, 1, 0, 3, 4, 0.441, 0
0, 1, 0, 4, 0, 0.012, 0
0, 1, 0, 4, 1, 0.471, 0
0, 1, 0, 4, 2, 0.975, 0
0, 1, 0, 4, 3, 0.015, 0
0, 1, 0, 4, 4, 0.836, 0
0, 1, 1, 0, 0, 0.261, 0
0, 1, 1, 0, 1, 0.356, 0
0, 1, 1, 0, 2, 0.145, 0
0, 1, 1, 0, 3, 0.655, 0
0, 1, 1, 0, 4, 0.156, 0
0, 1, 1, 1, 0, 0.338, 0
0, 1, 1, 1, 1, 0.281, 0
0, 1, 1, 1, 2, 0.062, 0
0, 1, 1, 1, 3, -2.602, 1
0, 1, 1, 1, 4, -4.243, 2
0, 1, 1, 2, 0, 0.292, 0
0, 1, 1, 2, 1, 1.282, 2
0, 1, 1, 2, 2, -2.260, 2
0, 1, 1, 2, 3, 0.318, 0
0, 1, 1, 2, 4, 0.479, 0
0, 1, 1, 3, 0, 0.099, 0
0, 1, 1, 3, 1, 0.895, 0
0, 1, 1, 3, 2, 0.730, 0
0, 1, 1, 3, 3, 0.774, 0
0, 1, 1, 3, 4, 0.307, 0
0, 1, 1, 4, 0, 0.958, 0
0, 1, 1, 4, 1, 0.929, 0
0, 1, 1, 4, 2, 0.584, 0
0, 1, 1, 4, 3, 0.988, 0
0, 1, 1, 4, 4, 0.013, 0
0, 1, 2, 0, 0, 0.603, 0
0, 1, 2, 0, 1, 0.145, 0
0, 1, 2, 0, 2, 0.197, 0
0, 1, 2, 0, 3, 0.812, 0
0, 1, 2, 0, 4, 0.043, 0
0, 1, 2, 1, 0, -1.810, 1
0, 1, 2, 1, 1, -1.196, 2
0, 1, 2, 1, 2, 0.210, 0
0, 1, 2, 1, 3, -1.429, 2
0, 1, 2, 1, 4, -2.703, 8
0, 1, 2, 2, 0, -6.648, 6
0, 1, 2, 2, 1, -10.659, 2
0, 1, 2, 2, 2, 0.540, 0
0, 1, 2, 2, 3, 0.507, 0
0, 1, 2, 2, 4, 0.390, 0
0, 1, 2, 3, 0, 0.585, 0
0, 1, 2, 3, 1, 0.574, 0
0, 1, 2, 3, 2, 0.801, 0
0, 1, 2, 3, 3, 0.574, 0
0, 1, 2, 3, 4, 0.946, 0
0, 1, 2, 4, 0, 0.772, 0
0, 1, 2, 4, 1, 0.894, 0
0, 1, 2, 4, 2, 0.819, 0
0, 1, 2, 4, 3, 0.859, 0
0, 1, 2, 4, 4, 0.916, 0
0, 1, 3, 0, 0, 0.026, 0
0, 1, 3, 0, 1, 0.411, 0
0, 1, 3, 0, 2, 0.711, 0
0, 1, 3, 0, 3, 0.836, 0
0, 1, 3, 0, 4, 0.873, 0
0, 1, 3, 1, 0, -2.515, 2
0, 1, 3, 1, 1, -0.889, 1
0, 1, 3, 1, 2, 0.751, 0
0, 1, 3, 1, 3, 0.533, 0
0, 1, 3, 1, 4, -8.981, 2
0, 1, 3, 2, 0, -10.837, 5
0, 1, 3, 2, 1, -6.284, 8
0, 1, 3, 2, 2, -9.432, 4
0, 1, 3, 2, 3, -3.609, 4
0, 1, 3, 2, 4, -10.020, 3
0, 1, 3, 3, 0, 0.606, 0
0, 1, 3, 3, 1, 0.555, 0
0, 1, 3, 3, 2, 0.497, 0
0, 1, 3, 3, 3, 1.000, 0
0, 1, 3, 3, 4, 0.170, 0
0, 1, 3, 4, 0, 0.232, 0
0, 1, 3, 4, 1, 0.328, 0
0, 1, 3, 4, 2, 0.340, 0
0, 1, 3, 4, 3, 0.223, 0
0, 1, 3, 4, 4, 0.799, 0
0, 1, 4, 0, 0, 0.609, 1
0, 1, 4, 0, 1, 0.443, 0
0, 1, 4, 0, 2, 0.010, 0
0, 1, 4, 0, 3, 0.557, 4
0, 1, 4, 0, 4, -0.124, 5
0, 1, 4, 1, 0, 0.700, 0
0, 1, 4, 1, 1, 0.376, 0
0, 1, 4, 1, 2, 0.434, 0
0, 1, 4, 1, 3, 0.556, 0
0, 1, 4, 1, 4, -8.647, 2
0, 1, 4, 2, 0, -13.762, 11
0, 1, 4, 2, 1, -10.771, 6
0, 1, 4, 2, 2, -13.188, 9
0, 1, 4, 2, 3, -12.798, 6
0, 1, 4, 2, 4, -14.317, 20
0, 1, 4, 3, 0, 0.452, 0
0, 1, 4, 3, 1, 0.922, 0
0, 1, 4, 3, 2, 0.132, 0
0, 1, 4, 3, 3, 0.089, 0
0, 1, 4, 3, 4, 0.767, 0
0, 1, 4, 4, 0, 0.541, 0
0, 1, 4, 4, 1, 0.733, 0
0, 1, 4, 4, 2, 0.303, 0
0, 1, 4, 4, 3, 0.678, 0
0, 1, 4, 4, 4, 0.348, 0
0, 2, 0, 0, 0, 0.939, 0
0, 2, 0, 0, 1, 0.704, 0
0, 2, 0, 0, 2, 0.640, 0
0, 2, 0, 0, 3, 0.719, 0
0, 2, 0, 0, 4, 0.268, 0
0, 2, 0, 1, 0, 0.600, 0
0, 2, 0, 1, 1, 0.954, 0
0, 2, 0, 1, 2, 0.875, 0
0, 2, 0, 1, 3, 0.301, 0
0, 2, 0, 1, 4, 0.947, 0
0, 2, 0, 2, 0, 0.362, 0
0, 2, 0, 2, 1, 0.942, 0
0, 2, 0, 2, 2, 0.974, 0
0, 2, 0, 2, 3, 0.243, 0
0, 2, 0, 2, 4, 0.305, 0
0, 2, 0, 3, 0, 0.527, 0
0, 2, 0, 3, 1, 0.604, 0
0, 2, 0, 3, 2, 0.438, 0
0, 2, 0, 3, 3, 0.302, 0
0, 2, 0, 3, 4, 0.923, 0
0, 2, 0, 4, 0, 0.973, 0
0, 2, 0, 4, 1, 0.270, 0
0, 2, 0, 4, 2, 0.098, 0
0, 2, 0, 4, 3, 0.400, 0
0, 2, 0, 4, 4, 0.963, 0
0, 2, 1, 0, 0, 0.437, 0
0, 2, 1, 0, 1, 0.617, 0
0, 2, 1, 0, 2, 0.949, 0
0, 2, 1, 0, 3, 0.175, 0
0, 2, 1, 0, 4, 0.061, 0
0, 2, 1, 1, 0, 0.494, 0
0, 2, 1, 1, 1, 0.277, 0
0, 2, 1, 1, 2, 0.686, 0
0, 2, 1, 1, 3, 0.955, 0
0, 2, 1, 1, 4, 0.907, 0
0, 2, 1, 2, 0, 0.807, 0
0, 2, 1, 2, 1, 0.585, 0
0, 2, 1, 2, 2, 0.332, 0
0, 2, 1, 2, 3, 0.729, 0
0, 2, 1, 2, 4, 0.939, 0
0, 2, 1, 3, 0, 0.239, 0
0, 2, 1, 3, 1, 0.711, 0
0, 2, 1, 3, 2, 0.558, 0
0, 2, 1, 3, 3, 0.845, 0
0, 2, 1, 3, 4, 0.261, 0
0, 2, 1, 4, 0, 0.942, 0
0, 2, 1, 4, 1, 0.995, 0
0, 2, 1, 4, 2, 0.625, 0
0, 2, 1, 4, 3, 0.053, 0
0, 2, 1, 4, 4, 0.465, 0
0, 2, 2, 0, 0, 0.682, 0
0, 2, 2, 0, 1, 0.753, 0
0, 2, 2, 0, 2, 0.369, 0
0, 2, 2, 0, 3, 0.170, 0
0, 2, 2, 0, 4, 0.974, 0
0, 2, 2, 1, 0, 0.333, 0
0, 2, 2, 1, 1, 0.776, 0
0, 2, 2, 1, 2, 0.444, 0
0, 2, 2, 1, 3, 0.810, 0
0, 2, 2, 1, 4, 0.869, 0
0, 2, 2, 2, 0, 0.091, 0
0, 2, 2, 2, 1, 0.313, 0
0, 2, 2, 2, 2, 0.298, 0
0, 2, 2, 2, 3, 0.899, 0
0, 2, 2, 2, 4, 0.810, 0
0, 2, 2, 3, 0, 0.899, 0
0, 2, 2, 3, 1, 0.753, 0
0, 2, 2, 3, 2, 0.081, 0
0, 2, 2, 3, 3, 0.324, 0
0, 2, 2, 3, 4, 0.752, 0
0, 2, 2, 4, 0, 0.472, 0
0, 2, 2, 4, 1, 0.048, 0
0, 2, 2, 4, 2, 0.238, 0
0, 2, 2, 4, 3, 0.027, 0
0, 2, 2, 4, 4, 0.286, 0
0, 2, 3, 0, 0, 0.634, 0
0, 2, 3, 0, 1, 0.418, 0
0, 2, 3, 0, 2, 0.859, 0
0, 2, 3, 0, 3, 0.052, 0
0, 2, 3, 0, 4, 0.857, 0
0, 2, 3, 1, 0, 0.494, 0
0, 2, 3, 1, 1, 0.768, 0
0, 2, 3, 1, 2, 0.575, 0
0, 2, 3, 1, 3, 0.422, 0
0, 2, 3, 1, 4, 0.419, 0
0, 2, 3, 2, 0, 0.374, 0
0, 2, 3, 2, 1, 0.107, 0
0, 2, 3, 2, 2, 0.322, 0
0, 2, 3, 2, 3, -2.982, 1
0, 2, 3, 2, 4, 0.233, 0
0, 2, 3, 3, 0, 0.495, 0
0, 2, 3, 3, 1, 0.569, 0
0, 2, 3, 3, 2, 0.531, 0
0, 2, 3, 3, 3, 0.133, 0
0, 2, 3, 3, 4, 0.244, 0
0, 2, 3, 4, 0, 0.971, 0
0, 2, 3, 4, 1, 0.104, 0
0, 2, 3, 4, 2, 0.760, 0
0, 2, 3, 4, 3, 0.254, 0
0, 2, 3, 4, 4, 0.370, 0
0, 2, 4, 0, 0, 0.778, 0
0, 2, 4, 0, 1, 0.266, 0
0, 2, 4, 0, 2, 0.752, 0
0, 2, 4, 0, 3, 0.715, 0
0, 2, 4, 0, 4, 0.025, 0
0, 2, 4, 1, 0, 0.860, 0
0, 2, 4, 1, 1, 0.990, 0
0, 2, 4, 1, 2, 0.908, 0
0, 2, 4, 1, 3, 0.094, 0
0, 2, 4, 1, 4, 0.267, 0
0, 2, 4, 2, 0, 0.622, 0
0, 2, 4, 2, 1, 0.373, 0
0, 2, 4, 2, 2, 0.440, 0
0, 2, 4, 2, 3, 0.550, 0
0, 2, 4, 2, 4, 0.239, 0
0, 2, 4, 3, 0, 0.918, 0
0, 2, 4, 3, 1, 0.296, 0
0, 2, 4, 3, 2, 0.534, 0
0, 2, 4, 3, 3, 0.506, 0
0, 2, 4, 3, 4, 0.572, 0
0, 2, 4, 4, 0, 0.040, 0
0, 2, 4, 4, 1, 0.836, 0
0, 2, 4, 4, 2, 0.440, 0
0, 2, 4, 4, 3, 0.705, 0
0, 2, 4, 4, 4, 0.679, 0
0, 3, 0, 0, 0, 0.284, 0
0, 3, 0, 0, 1, 0.878, 0
0, 3, 0, 0, 2, 0.957, 0
0, 3, 0, 0, 3, 0.253, 0
0, 3, 0, 0, 4, 0.336, 0
0, 3, 0, 1, 0, 0.895, 0
0, 3, 0, 1, 1, 0.188, 0
0, 3, 0, 1, 2, 0.203, 0
0, 3, 0, 1, 3, 0.958, 0
0, 3, 0, 1, 4, 0.946, 0
0, 3, 0, 2, 0, 0.899, 0
0, 3, 0, 2, 1, 0.794, 0
0, 3, 0, 2, 2, 0.310, 0
0, 3, 0, 2, 3, 0.826, 0
0, 3, 0, 2, 4, 0.389, 0
0, 3, 0, 3, 0, 0.483, 0
0, 3, 0, 3, 1, 0.498, 0
0, 3, 0, 3, 2, 0.090, 0
0, 3, 0, 3, 3, 0.152, 0
0, 3, 0, 3, 4, 0.723, 0
0, 3, 0, 4, 0, 0.597, 0
0, 3, 0, 4, 1, 0.459, 0
0, 3, 0, 4, 2, 0.930, 0
0, 3, 0, 4, 3, 0.071, 0
0, 3, 0, 4, 4, 0.130, 0
0, 3, 1, 0, 0, 0.875, 0
0, 3, 1, 0, 1, 0.143, 0
0, 3, 1, 0, 2, 0.624, 0
0, 3, 1, 0, 3, 0.205, 0
0, 3, 1, 0, 4, 0.278, 0
0, 3, 1, 1, 0, 0.353, 0
0, 3, 1, 1, 1, 0.742, 0
0, 3, 1, 1, 2, 0.521, 0
0, 3, 1, 1, 3, 0.905, 0
0, 3, 1, 1, 4, 0.840, 0
0, 3, 1, 2, 0, 0.744, 0
0, 3, 1, 2, 1, 0.575, 0
0, 3, 1, 2, 2, 0.871, 0
0, 3, 1, 2, 3, 0.328, 0
0, 3, 1, 2, 4, 0.758, 0
0, 3, 1, 3, 0, 0.450, 0
0, 3, 1, 3, 1, 0.076, 0
0, 3, 1, 3, 2, 0.387, 0
0, 3, 1, 3, 3, 0.189, 0
0, 3, 1, 3, 4, 0.750, 0
0, 3, 1, 4, 0, 0.027, 0
0, 3, 1, 4, 1, 0.078, 0
0, 3, 1, 4, 2, 0.336, 0
0, 3, 1, 4, 3, 0.365, 0
0, 3, 1, 4, 4, 0.988, 0
0, 3, 2, 0, 0, 0.947, 0
0, 3, 2, 0, 1, 0.530, 0
0, 3, 2, 0, 2, 0.979, 0
0, 3, 2, 0, 3, 0.984, 0
0, 3, 2, 0, 4, 0.568, 0
0, 3, 2, 1, 0, 0.792, 0
0, 3, 2, 1, 1, 0.457, 0
0, 3, 2, 1, 2, 0.575, 0
0, 3, 2, 1, 3, 0.451, 0
0, 3, 2, 1, 4, 0.417, 0
0, 3, 2, 2, 0, 0.482, 0
0, 3, 2, 2, 1, 0.999, 0
0, 3, 2, 2, 2, 0.291, 0
0, 3, 2, 2, 3, 0.081, 0
0, 3, 2, 2, 4, 0.135, 0
0, 3, 2, 3, 0, 0.219, 0
0, 3, 2, 3, 1, 0.186, 0
0, 3, 2, 3, 2, 0.036, 0
0, 3, 2, 3, 3, 0.409, 0
0, 3, 2, 3, 4, 0.652, 0
0, 3, 2, 4, 0, 0.708, 0
0, 3, 2, 4, 1, 0.705, 0
0, 3, 2, 4, 2, 0.017, 0
0, 3, 2, 4, 3, 0.897, 0
0, 3, 2, 4, 4, 0.412, 0
0, 3, 3, 0, 0, 0.527, 0
0, 3, 3, 0, 1, 0.220, 0
0, 3, 3, 0, 2, 0.527, 0
0, 3, 3, 0, 3, 0.662, 0
0, 3, 3, 0, 4, 0.219, 0
0, 3, 3, 1, 0, 0.834, 0
0, 3, 3, 1, 1, 0.141, 0
0, 3, 3, 1, 2, 0.466, 0
0, 3, 3, 1, 3, 0.695, 0
0, 3, 3, 1, 4, 0.009, 0
0, 3, 3, 2, 0, 0.202, 0
0, 3, 3, 2, 1, 0.329, 0
0, 3, 3, 2, 2, 0.798, 0
0, 3, 3, 2, 3, 0.858, 0
0, 3, 3, 2, 4, 0.838, 0
0, 3, 3, 3, 0, 0.020, 0
0, 3, 3, 3, 1, 0.611, 0
0, 3, 3, 3, 2, 0.515, 0
0, 3, 3, 3, 3, 0.696, 0
0, 3, 3, 3, 4, 0.532, 0
0, 3, 3, 4, 0, 0.594, 0
0, 3, 3, 4, 1, 0.750, 0
0, 3, 3, 4, 2, 0.172, 0
0, 3, 3, 4, 3, 0.457, 0
0, 3, 3, 4, 4, 0.972, 0
0, 3, 4, 0, 0, 0.832, 0
0, 3, 4, 0, 1, 0.780, 0
0, 3, 4, 0, 2, 0.466, 0
0, 3, 4, 0, 3, 0.854, 0
0, 3, 4, 0, 4, 0.944, 0
0, 3, 4, 1, 0, 0.231, 0
0, 3, 4, 1, 1, 0.538, 0
0, 3, 4, 1, 2, 0.281, 0
0, 3, 4, 1, 3, 0.067, 0
0, 3, 4, 1, 4, 0.823, 0
0, 3, 4, 2, 0, 0.175, 0
0, 3, 4, 2, 1, 0.022, 0
0, 3, 4, 2, 2, 0.951, 0
0, 3, 4, 2, 3, 0.062, 0
0, 3, 4, 2, 4, 0.817, 0
0, 3, 4, 3, 0, 0.236, 0
0, 3, 4, 3, 1, 0.443, 0
0, 3, 4, 3, 2, 0.075, 0
0, 3, 4, 3, 3, 0.326, 0
0, 3, 4, 3, 4, 0.292, 0
0, 3, 4, 4, 0, 0.210, 0
0, 3, 4, 4, 1, 0.224, 0
0, 3, 4, 4, 2, 0.482, 0
0, 3, 4, 4, 3, 0.888, 0
0, 3, 4, 4, 4, 0.622, 0
0, 4, 0, 0, 0, 0.553, 0
0, 4, 0, 0, 1, 0.104, 0
0, 4, 0, 0, 2, 0.351, 0
0, 4, 0, 0, 3, 0.373, 0
0, 4, 0, 0, 4, 0.106, 0
0, 4, 0, 1, 0, 0.577, 0
0, 4, 0, 1, 1, 0.446, 0
0, 4, 0, 1, 2, 0.227, 0
0, 4, 0, 1, 3, 0.929, 0
0, 4, 0, 1, 4, 0.300, 0
0, 4, 0, 2, 0, 0.260, 0
0, 4, 0, 2, 1, 0.135, 0
0, 4, 0, 2, 2, 0.557, 0
0, 4, 0, 2, 3, 0.779, 0
0, 4, 0, 2, 4, 0.803, 0
0, 4, 0, 3, 0, 0.836, 0
0, 4, 0, 3, 1, 0.098, 0
0, 4, 0, 3, 2, 0.900, 0
0, 4, 0, 3, 3, 0.717, 0
0, 4, 0, 3, 4, 0.009, 0
0, 4, 0, 4, 0, 0.611, 0
0, 4, 0, 4, 1, 0.191, 0
0, 4, 0, 4, 2, 0.151, 0
0, 4, 0, 4, 3, 0.936, 0
0, 4, 0, 4, 4, 0.317, 0
0, 4, 1, 0, 0, 0.747, 0
0, 4, 1, 0, 1, 0.168, 0
0, 4, 1, 0, 2, 0.662, 0
0, 4, 1, 0, 3, 0.340, 0
0, 4, 1, 0, 4, 0.828, 0
0, 4, 1, 1, 0, 0.265, 0
0, 4, 1, 1, 1, 0.612, 0
0, 4, 1, 1, 2, 0.092, 0
0, 4, 1, 1, 3, 0.086, 0
0, 4, 1, 1, 4, 0.481, 0
0, 4, 1, 2, 0, 0.692, 0
0, 4, 1, 2, 1, 0.119, 0
0, 4, 1, 2, 2, 0.742, 0
0, 4, 1, 2, 3, 0.315, 0
0, 4, 1, 2, 4, 0.947, 0
0, 4, 1, 3, 0, 0.211, 0
0, 4, 1, 3, 1, 0.070, 0
0, 4, 1, 3, 2, 0.168, 0
0, 4, 1, 3, 3, 0.976, 0
0, 4, 1, 3, 4, 0.845, 0
0, 4, 1, 4, 0, 0.978, 0
0, 4, 1, 4, 1, 0.300, 0
0, 4, 1, 4, 2, 0.414, 0
0, 4, 1, 4, 3, 0.586, 0
0, 4, 1, 4, 4, 0.530, 0
0, 4, 2, 0, 0, 0.369, 0
0, 4, 2, 0, 1, 0.976, 0
0, 4, 2, 0, 2, 0.884, 0
0, 4, 2, 0, 3, 0.806, 0
0, 4, 2, 0, 4, 0.451, 0
0, 4, 2, 1, 0, 0.747, 0
0, 4, 2, 1, 1, 0.824, 0
0, 4, 2, 1, 2, 0.581, 0
0, 4, 2, 1, 3, 0.073, 0
0, 4, 2, 1, 4, 0.616, 0
0, 4, 2, 2, 0, 0.793, 0
0, 4, 2, 2, 1, 0.910, 0
0, 4, 2, 2, 2, 0.200, 0
0, 4, 2, 2, 3, 0.048, 0
0, 4, 2, 2, 4, 0.665, 0
0, 4, 2, 3, 0, 0.886, 0
0, 4, 2, 3, 1, 0.298, 0
0, 4, 2, 3, 2, 0.622, 0
0, 4, 2, 3, 3, 0.096, 0
0, 4, 2, 3, 4, 0.485, 0
0, 4, 2, 4, 0, 0.570, 0
0, 4, 2, 4, 1, 0.142, 0
0, 4, 2, 4, 2, 0.728, 0
0, 4, 2, 4, 3, 0.638, 0
0, 4, 2, 4, 4, 0.211, 0
0, 4, 3, 0, 0, 0.446, 0
0, 4, 3, 0, 1, 0.647, 0
0, 4, 3, 0, 2, 0.433, 0
0, 4, 3, 0, 3, 0.070, 0
0, 4, 3, 0, 4, 0.421, 0
0, 4, 3, 1, 0, 0.194, 0
0, 4, 3, 1, 1, 0.572, 0
0, 4, 3, 1, 2, 0.392, 0
0, 4, 3, 1, 3, 0.166, 0
0, 4, 3, 1, 4, 0.370, 0
0, 4, 3, 2, 0, 0.090, 0
0, 4, 3, 2, 1, 0.455, 0
0, 4, 3, 2, 2, 0.689, 0
0, 4, 3, 2, 3, 0.358, 0
0, 4, 3, 2, 4, 0.586, 0
0, 4, 3, 3, 0, 0.735, 0
0, 4, 3, 3, 1, 0.966, 0
0, 4, 3, 3, 2, 0.410, 0
0, 4, 3, 3, 3, 0.189, 0
0, 4, 3, 3, 4, 0.945, 0
0, 4, 3, 4, 0, 0.766, 0
0, 4, 3, 4, 1, 0.198, 0
0, 4, 3, 4, 2, 0.778, 0
0, 4, 3, 4, 3, 0.693, 0
0, 4, 3, 4, 4, 0.104, 0
0, 4, 4, 0, 0, 0.979, 0
0, 4, 4, 0, 1, 0.990, 0
0, 4, 4, 0, 2, 0.743, 0
0, 4, 4, 0, 3, 0.842, 0
0, 4, 4, 0, 4, 0.384, 0
0, 4, 4, 1, 0, 0.964, 0
0, 4, 4, 1, 1, 0.855, 0
0, 4, 4, 1, 2, 0.475, 0
0, 4, 4, 1, 3, 0.429, 0
0, 4, 4, 1, 4, 0.770, 0
0, 4, 4, 2, 0, 0.969, 0
0, 4, 4, 2, 1, 0.848, 0
0, 4, 4, 2, 2, 0.365, 0
0, 4, 4, 2, 3, 0.010, 0
0, 4, 4, 2, 4, 0.060, 0
0, 4, 4, 3, 0, 0.160, 0
0, 4, 4, 3, 1, 0.347, 0
0, 4, 4, 3, 2, 0.122, 0
0, 4, 4, 3, 3, 0.329, 0
0, 4, 4, 3, 4, 0.337, 0
0, 4, 4, 4, 0, 0.475, 0
0, 4, 4, 4, 1, 0.511, 0
0, 4, 4, 4, 2, 0.532, 0
0, 4, 4, 4, 3, 0.581, 0
0, 4, 4, 4, 4, 0.696, 0
1, 0, 0, 0, 0, 0.741, 0
1, 0, 0, 0, 1, 0.145, 0
1, 0, 0, 0, 2, 0.638, 0
1, 0, 0, 0, 3, 0.183, 0
1, 0, 0, 0, 4, 0.677, 0
1, 0, 0, 1, 0, 0.762, 0
1, 0, 0, 1, 1, 0.155, 0
1, 0, 0, 1, 2, 0.294, 0
1, 0, 0, 1, 3, 0.655, 0
1, 0, 0, 1, 4, 0.580, 0
1, 0, 0, 2, 0, 0.282, 0
1, 0, 0, 2, 1, 0.932, 0
1, 0, 0, 2, 2, 0.450, 0
1, 0, 0, 2, 3, 0.095, 0
1, 0, 0, 2, 4, 0.556, 0
1, 0, 0, 3, 0, 0.162, 0
1, 0, 0, 3, 1, 0.075, 0
1, 0, 0, 3, 2, 0.147, 0
1, 0, 0, 3, 3, 0.956, 0
1, 0, 0, 3, 4, 0.200, 0
1, 0, 0, 4, 0, 0.203, 0
1, 0, 0, 4, 1, 0.262, 0
1, 0, 0, 4, 2, 0.980, 0
1, 0, 0, 4, 3, 0.533, 0
1, 0, 0, 4, 4, 0.322, 0
1, 0, 1, 0, 0, 0.873, 0
1, 0, 1, 0, 1, 0.483, 0
1, 0, 1, 0, 2, 0.706, 0
1, 0, 1, 0, 3, 0.561, 0
1, 0, 1, 0, 4, 0.314, 0
1, 0, 1, 1, 0, 0.041, 0
1, 0, 1, 1, 1, 0.546, 0
1, 0, 1, 1, 2, 0.503, 0
1, 0, 1, 1, 3, 0.697, 0
1, 0, 1, 1, 4, 0.594, 0
1, 0, 1, 2, 0, 0.921, 0
1, 0, 1, 2, 1, 0.180, 0
1, 0, 1, 2, 2, 0.692, 0
1, 0, 1, 2, 3, 0.160, 0
1, 0, 1, 2, 4, 0.924, 0
1, 0, 1, 3, 0, 0.905, 0
1, 0, 1, 3, 1, 0.948, 0
1, 0, 1, 3, 2, 0.484, 0
1, 0, 1, 3, 3, 0.289, 0
1, 0, 1, 3, 4, 0.536, 0
1, 0, 1, 4, 0, 0.403, 0
1, 0, 1, 4, 1, 0.602, 0
1, 0, 1, 4, 2, 0.156, 0
1, 0, 1, 4, 3, 0.265, 0
1, 0, 1, 4, 4, 0.019, 0
1, 0, 2, 0, 0, 0.409, 0
1, 0, 2, 0, 1, 0.825, 0
1, 0, 2, 0, 2, 0.053, 0
1, 0, 2, 0, 3, 0.518, 0
1, 0, 2, 0, 4, 0.515, 0
1, 0, 2, 1, 0, 0.983, 0
1, 0, 2, 1, 1, 0.387, 0
1, 0, 2, 1, 2, -2.873, 1
1, 0, 2, 1, 3, -1.186, 1
1, 0, 2, 1, 4, 0.990, 0
1, 0, 2, 2, 0, -4.375, 3
1, 0, 2, 2, 1, -7.651, 2
1, 0, 2, 2, 2, -5.120, 4
1, 0, 2, 2, 3, -3.938, 1
1, 0, 2, 2, 4, -5.792, 6
1, 0, 2, 3, 0, 0.845, 0
1, 0, 2, 3, 1, 0.885, 0
1, 0, 2, 3, 2, 0.017, 0
1, 0, 2, 3, 3, 0.842, 0
1, 0, 2, 3, 4, 0.897, 0
1, 0, 2, 4, 0, 0.426, 0
1, 0, 2, 4, 1, 0.136, 0
1, 0, 2, 4, 2, 0.256, 0
1, 0, 2, 4, 3, 0.008, 0
1, 0, 2, 4, 4, 0.083, 0
1, 0, 3, 0, 0, 0.085, 0
1, 0, 3, 0, 1, 0.543, 0
1, 0, 3, 0, 2, 0.922, 0
1, 0, 3, 0, 3, 0.061, 0
1, 0, 3, 0, 4, 0.150, 0
1, 0, 3, 1, 0, 0.713, 0
1, 0, 3, 1, 1, 0.498, 0
1, 0, 3, 1, 2, 0.672, 0
1, 0, 3, 1, 3, 0.008, 0
1, 0, 3, 1, 4, -4.034, 2
1, 0, 3, 2, 0, -3.964, 4
1, 0, 3, 2, 1, -6.755, 6
1, 0, 3, 2, 2, -3.984, 3
1, 0, 3, 2, 3, -5.232, 7
1, 0, 3, 2, 4, -2.770, 14
1, 0, 3, 3, 0, 0.978, 0
1, 0, 3, 3, 1, 0.350, 0
1, 0, 3, 3, 2, 0.723, 0
1, 0, 3, 3, 3, 0.266, 0
1, 0, 3, 3, 4, 0.537, 0
1, 0, 3, 4, 0, 0.494, 0
1, 0, 3, 4, 1, 0.982, 0
1, 0, 3, 4, 2, 0.538, 0
1, 0, 3, 4, 3, 0.599, 0
1, 0, 3, 4, 4, 0.121, 0
1, 0, 4, 0, 0, 0.710, 0
1, 0, 4, 0, 1, 0.396, 0
1, 0, 4, 0, 2, 0.977, 0
1, 0, 4, 0, 3, 0.851, 0
1, 0, 4, 0, 4, 0.629, 0
1, 0, 4, 1, 0, 0.624, 0
1, 0, 4, 1, 1, 0.411, 0
1, 0, 4, 1, 2, 0.470, 0
1, 0, 4, 1, 3, 0.771, 0
1, 0, 4, 1, 4, 0.915, 0
1, 0, 4, 2, 0, -11.002, 6
1, 0, 4, 2, 1, -4.425, 3
1, 0, 4, 2, 2, -7.095, 6
1, 0, 4, 2, 3, -4.002, 5
1, 0, 4, 2, 4, -6.406, 10
1, 0, 4, 3, 0, 0.030, 0
1, 0, 4, 3, 1, 0.697, 0
1, 0, 4, 3, 2, 0.193, 0
1, 0, 4, 3, 3, 0.887, 0
1, 0, 4, 3, 4, 0.738, 0
1, 0, 4, 4, 0, 0.671, 0
1, 0, 4, 4, 1, 0.688, 0
1, 0, 4, 4, 2, 0.570, 0
1, 0, 4, 4, 3, 0.828, 0
1, 0, 4, 4, 4, 0.269, 0
1, 1, 0, 0, 0, 0.385, 0
1, 1, 0, 0, 1, 0.407, 0
1, 1, 0, 0, 2, 0.243, 0
1, 1, 0, 0, 3, 0.649, 0
1, 1, 0, 0, 4, 0.029, 0
1, 1, 0, 1, 0, -5.964, 2
1, 1, 0, 1, 1, 0.923, 0
1, 1, 0, 1, 2, 0.107, 0
1, 1, 0, 1, 3, 0.453, 0
1, 1, 0, 1, 4, 0.600, 0
1, 1, 0, 2, 0, 0.172, 0
1, 1, 0, 2, 1, 0.913, 0
1, 1, 0, 2, 2, 0.032, 0
1, 1, 0, 2, 3, 0.819, 0
1, 1, 0, 2, 4, 0.172, 0
1, 1, 0, 3, 0, 0.839, 0
1, 1, 0, 3, 1, 0.459, 0
1, 1, 0, 3, 2, 0.091, 0
1, 1, 0, 3, 3, 0.496, 0
1, 1, 0, 3, 4, 0.686, 0
1, 1, 0, 4, 0, 0.521, 0
1, 1, 0, 4, 1, 0.579, 0
1, 1, 0, 4, 2, 0.800, 0
1, 1, 0, 4, 3, 0.894, 0
1, 1, 0, 4, 4, 0.361, 0
1, 1, 1, 0, 0, -7.451, 2
1, 1, 1, 0, 1, -3.224, 3
1, 1, 1, 0, 2, -3.692, 1
1, 1, 1, 0, 3, -3.967, 1
1, 1, 1, 0, 4, -2.812, 3
1, 1, 1, 1, 0, -6.029, 4
1, 1, 1, 1, 1, -5.848, 5
1, 1, 1, 1, 2, -7.892, 4
1, 1, 1, 1, 3, -0.470, 4
1, 1, 1, 1, 4, 4.314, 17
1, 1, 1, 2, 0, -2.300, 16
1, 1, 1, 2, 1, -2.398, 11
1, 1, 1, 2, 2, -4.601, 22
1, 1, 1, 2, 3, -2.549, 18
1, 1, 1, 2, 4, -2.327, 18
1, 1, 1, 3, 0, 0.458, 0
1, 1, 1, 3, 1, 0.149, 0
1, 1, 1, 3, 2, 0.156, 0
1, 1, 1, 3, 3, 0.776, 0
1, 1, 1, 3, 4, 0.753, 0
1, 1, 1, 4, 0, 0.265, 0
1, 1, 1, 4, 1, 0.801, 0
1, 1, 1, 4, 2, 0.283, 0
1, 1, 1, 4, 3, 0.392, 0
1, 1, 1, 4, 4, 0.715, 0
1, 1, 2, 0, 0, 0.742, 0
1, 1, 2, 0, 1, 0.385, 0
1, 1, 2, 0, 2, -0.122, 4
1, 1, 2, 0, 3, 1.945, 2
1, 1, 2, 0, 4, 0.481, 4
1, 1, 2, 1, 0, -2.162, 12
1, 1, 2, 1, 1, -2.713, 7
1, 1, 2, 1, 2, -5.198, 5
1, 1, 2, 1, 3, -4.777, 8
1, 1, 2, 1, 4, -2.539, 26
1, 1, 2, 2, 0, -9.642, 28
1, 1, 2, 2, 1, -9.238, 30
1, 1, 2, 2, 2, -11.227, 23
1, 1, 2, 2, 3, -6.989, 37
1, 1, 2, 2, 4, -8.641, 60
1, 1, 2, 3, 0, 0.273, 0
1, 1, 2, 3, 1, 0.137, 0
1, 1, 2, 3, 2, 0.838, 0
1, 1, 2, 3, 3, 0.320, 0
1, 1, 2, 3, 4, 0.588, 0
1, 1, 2, 4, 0, 0.281, 0
1, 1, 2, 4, 1, 0.587, 0
1, 1, 2, 4, 2, 0.060, 0
1, 1, 2, 4, 3, 0.085, 0
1, 1, 2, 4, 4, 0.843, 0
1, 1, 3, 0, 0, -6.560, 2
1, 1, 3, 0, 1, -0.866, 2
1, 1, 3, 0, 2, -3.474, 2
1, 1, 3, 0, 3, -5.525, 1
1, 1, 3, 0, 4, -3.717, 2
1, 1, 3, 1, 0, -4.386, 11
1, 1, 3, 1, 1, -7.468, 14
1, 1, 3, 1, 2, -6.989, 6
1, 1, 3, 1, 3, -5.590, 11
1, 1, 3, 1, 4, -2.187, 19
1, 1, 3, 2, 0, -13.095, 34
1, 1, 3, 2, 1, -20.270, 46
1, 1, 3, 2, 2, -26.695, 50
1, 1, 3, 2, 3, -21.171, 42
1, 1, 3, 2, 4, -20.943, 115
1, 1, 3, 3, 0, 0.679, 0
1, 1, 3, 3, 1, 0.289, 0
1, 1, 3, 3, 2, 0.912, 0
1, 1, 3, 3, 3, 0.087, 0
1, 1, 3, 3, 4, 0.191, 0
1, 1, 3, 4, 0, 0.702, 0
1, 1, 3, 4, 1, 0.147, 0
1, 1, 3, 4, 2, 0.476, 0
1, 1, 3, 4, 3, 0.747, 0
1, 1, 3, 4, 4, 0.515, 0
1, 1, 4, 0, 0, -5.794, 1
1, 1, 4, 0, 1, -5.470, 1
1, 1, 4, 0, 2, -5.359, 1
1, 1, 4, 0, 3, 0.453, 1
1, 1, 4, 0, 4, -2.694, 2
1, 1, 4, 1, 0, -12.617, 5
1, 1, 4, 1, 1, -2.504, 3
1, 1, 4, 1, 2, -7.692, 2
1, 1, 4, 1, 3, -5.084, 3
1, 1, 4, 1, 4, -3.343, 7
1, 1, 4, 2, 0, -25.081, 55
1, 1, 4, 2, 1, -15.412, 41
1, 1, 4, 2, 2, -16.351, 78
1, 1, 4, 2, 3, -11.999, 41
1, 1, 4, 2, 4, -11.844, 149
1, 1, 4, 3, 0, 0.425, 0
1, 1, 4, 3, 1, 0.793, 0
1, 1, 4, 3, 2, 0.145, 0
1, 1, 4, 3, 3, 0.618, 0
1, 1, 4, 3, 4, 0.141, 0
1, 1, 4, 4, 0, 0.814, 0
1, 1, 4, 4, 1, 0.383, 0
1, 1, 4, 4, 2, 0.173, 0
1, 1, 4, 4, 3, 0.996, 0
1, 1, 4, 4, 4, 0.473, 0
1, 2, 0, 0, 0, 0.767, 0
1, 2, 0, 0, 1, 0.479, 0
1, 2, 0, 0, 2, 0.074, 0
1, 2, 0, 0, 3, 0.194, 0
1, 2, 0, 0, 4, 0.770, 0
1, 2, 0, 1, 0, 0.425, 0
1, 2, 0, 1, 1, 0.718, 0
1, 2, 0, 1, 2, 0.510, 0
1, 2, 0, 1, 3, 0.891, 0
1, 2, 0, 1, 4, 0.881, 0
1, 2, 0, 2, 0, 0.819, 0
1, 2, 0, 2, 1, 0.501, 0
1, 2, 0, 2, 2, 0.062, 0
1, 2, 0, 2, 3, 0.268, 0
1, 2, 0, 2, 4, 0.348, 0
1, 2, 0, 3, 0, 0.493, 0
1, 2, 0, 3, 1, 0.571, 0
1, 2, 0, 3, 2, 0.995, 0
1, 2, 0, 3, 3, 0.471, 0
1, 2, 0, 3, 4, 0.196, 0
1, 2, 0, 4, 0, 0.059, 0
1, 2, 0, 4, 1, 0.656, 0
1, 2, 0, 4, 2, 0.844, 0
1, 2, 0, 4, 3, 0.497, 0
1, 2, 0, 4, 4, 0.092, 0
1, 2, 1, 0, 0, 0.202, 0
1, 2, 1, 0, 1, 0.437, 0
1, 2, 1, 0, 2, 0.913, 0
1, 2, 1, 0, 3, 0.666, 0
1, 2, 1, 0, 4, 0.854, 0
1, 2, 1, 1, 0, 0.561, 0
1, 2, 1, 1, 1, 1.230, 1
1, 2, 1, 1, 2, -1.969, 3
1, 2, 1, 1, 3, 0.428, 0
1, 2, 1, 1, 4, -4.093, 2
1, 2, 1, 2, 0, 0.054, 0
1, 2, 1, 2, 1, 0.899, 0
1, 2, 1, 2, 2, 3.882, 2
1, 2, 1, 2, 3, 1.771, 1
1, 2, 1, 2, 4, -2.519, 1
1, 2, 1, 3, 0, 0.043, 0
1, 2, 1, 3, 1, 0.904, 0
1, 2, 1, 3, 2, 0.543, 0
1, 2, 1, 3, 3, 0.644, 0
1, 2, 1, 3, 4, 0.514, 0
1, 2, 1, 4, 0, 0.700, 0
1, 2, 1, 4, 1, 0.327, 0
1, 2, 1, 4, 2, 0.405, 0
1, 2, 1, 4, 3, 0.032, 0
1, 2, 1, 4, 4, 0.768, 0
1, 2, 2, 0, 0, 0.924, 0
1, 2, 2, 0, 1, 0.410, 0
1, 2, 2, 0, 2, 0.402, 0
1, 2, 2, 0, 3, -3.356, 2
1, 2, 2, 0, 4, 0.062, 0
1, 2, 2, 1, 0, 0.683, 0
1, 2, 2, 1, 1, -4.346, 2
1, 2, 2, 1, 2, -4.077, 1
1, 2, 2, 1, 3, -9.097, 4
1, 2, 2, 1, 4, -10.054, 4
1, 2, 2, 2, 0, -7.425, 6
1, 2, 2, 2, 1, -3.745, 12
1, 2, 2, 2, 2, -6.461, 5
1, 2, 2, 2, 3, -3.610, 6
1, 2, 2, 2, 4, -5.077, 6
1, 2, 2, 3, 0, 0.727, 0
1, 2, 2, 3, 1, 0.004, 0
1, 2, 2, 3, 2, 0.028, 0
1, 2, 2, 3, 3, 0.184, 0
1, 2, 2, 3, 4, 0.630, 0
1, 2, 2, 4, 0, 0.582, 0
1, 2, 2, 4, 1, 0.846, 0
1, 2, 2, 4, 2, 0.606, 0
1, 2, 2, 4, 3, 0.700, 0
1, 2, 2, 4, 4, 0.793, 0
1, 2, 3, 0, 0, 0.004, 0
1, 2, 3, 0, 1, -2.072, 1
1, 2, 3, 0, 2, -2.244, 1
1, 2, 3, 0, 3, 0.928, 0
1, 2, 3, 0, 4, -3.104, 2
1, 2, 3, 1, 0, -6.284, 3
1, 2, 3, 1, 1, -5.707, 3
1, 2, 3, 1, 2, -4.322, 3
1, 2, 3, 1, 3, -7.113, 4
1, 2, 3, 1, 4, -4.601, 2
1, 2, 3, 2, 0, -6.299, 3
1, 2, 3, 2, 1, -15.029, 6
1, 2, 3, 2, 2, -3.259, 2
1, 2, 3, 2, 3, -6.850, 4
1, 2, 3, 2, 4, -8.332, 6
1, 2, 3, 3, 0, 0.805, 0
1, 2, 3, 3, 1, 0.831, 0
1, 2, 3, 3, 2, 0.688, 0
1, 2, 3, 3, 3, 0.030, 0
1, 2, 3, 3, 4, 0.067, 0
1, 2, 3, 4, 0, 0.584, 0
1, 2, 3, 4, 1, 0.268, 0
1, 2, 3, 4, 2, 0.598, 0
1, 2, 3, 4, 3, 0.913, 0
1, 2, 3, 4, 4, 0.852, 0
1, 2, 4, 0, 0, 0.763, 0
1, 2, 4, 0, 1, 0.809, 0
1, 2, 4, 0, 2, 0.866, 0
1, 2, 4, 0, 3, 0.757, 0
1, 2, 4, 0, 4, 0.972, 0
1, 2, 4, 1, 0, -3.704, 1
1, 2, 4, 1, 1, -6.546, 2
1, 2, 4, 1, 2, -3.491, 1
1, 2, 4, 1, 3, -3.693, 1
1, 2, 4, 1, 4, -7.863, 4
1, 2, 4, 2, 0, -8.532, 2
1, 2, 4, 2, 1, -12.335, 2
1, 2, 4, 2, 2, -12.711, 4
1, 2, 4, 2, 3, -4.944, 5
1, 2, 4, 2, 4, -11.315, 5
1, 2, 4, 3, 0, 0.966, 0
1, 2, 4, 3, 1, 0.330, 0
1, 2, 4, 3, 2, 0.899, 0
1, 2, 4, 3, 3, 0.548, 0
1, 2, 4, 3, 4, 0.573, 0
1, 2, 4, 4, 0, 0.234, 0
1, 2, 4, 4, 1, 0.325, 0
1, 2, 4, 4, 2, 0.862, 0
1, 2, 4, 4, 3, 0.720, 0
1, 2, 4, 4, 4, 0.158, 0
1, 3, 0, 0, 0, 0.261, 0
1, 3, 0, 0, 1, 0.779, 0
1, 3, 0, 0, 2, 0.032, 0
1, 3, 0, 0, 3, 0.846, 0
1, 3, 0, 0, 4, 0.727, 0
1, 3, 0, 1, 0, 0.082, 0
1, 3, 0, 1, 1, 0.269, 0
1, 3, 0, 1, 2, 0.073, 0
1, 3, 0, 1, 3, 0.036, 0
1, 3, 0, 1, 4, 0.673, 0
1, 3, 0, 2, 0, 0.308, 0
1, 3, 0, 2, 1, 0.273, 0
1, 3, 0, 2, 2, 0.685, 0
1, 3, 0, 2, 3, 0.983, 0
1, 3, 0, 2, 4, 0.514, 0
1, 3, 0, 3, 0, 0.279, 0
1, 3, 0, 3, 1, 0.910, 0
1, 3, 0, 3, 2, 0.230, 0
1, 3, 0, 3, 3, 0.967, 0
1, 3, 0, 3, 4, 0.686, 0
1, 3, 0, 4, 0, 0.827, 0
1, 3, 0, 4, 1, 0.157, 0
1, 3, 0, 4, 2, 0.247, 0
1, 3, 0, 4, 3, 0.222, 0
1, 3, 0, 4, 4, 0.098, 0
1, 3, 1, 0, 0, 0.122, 0
1, 3, 1, 0, 1, 0.522, 0
1, 3, 1, 0, 2, 0.357, 0
1, 3, 1, 0, 3, 0.355, 0
1, 3, 1, 0, 4, 0.165, 0
1, 3, 1, 1, 0, 0.475, 0
1, 3, 1, 1, 1, 0.334, 0
1, 3, 1, 1, 2, 0.199, 0
1, 3, 1, 1, 3, 0.022, 0
1, 3, 1, 1, 4, 0.240, 0
1, 3, 1, 2, 0, 0.720, 0
1, 3, 1, 2, 1, 0.442, 0
1, 3, 1, 2, 2, 0.859, 0
1, 3, 1, 2, 3, 0.847, 0
1, 3, 1, 2, 4, 0.586, 0
1, 3, 1, 3, 0, 0.422, 0
1, 3, 1, 3, 1, 0.874, 0
1, 3, 1, 3, 2, 0.870, 0
1, 3, 1, 3, 3, 0.393, 0
1, 3, 1, 3, 4, 0.614, 0
1, 3, 1, 4, 0, 0.842, 0
1, 3, 1, 4, 1, 0.896, 0
1, 3, 1, 4, 2, 0.745, 0
1, 3, 1, 4, 3, 0.487, 0
1, 3, 1, 4, 4, 0.054, 0
1, 3, 2, 0, 0, 0.143, 0
1, 3, 2, 0, 1, 0.194, 0
1, 3, 2, 0, 2, 0.543, 0
1, 3, 2, 0, 3, 0.128, 0
1, 3, 2, 0, 4, 0.078, 0
1, 3, 2, 1, 0, 0.444, 0
1, 3, 2, 1, 1, 0.716, 0
1, 3, 2, 1, 2, 0.610, 0
1, 3, 2, 1, 3, 0.148, 0
1, 3, 2, 1, 4, 0.364, 0
1, 3, 2, 2, 0, 0.894, 0
1, 3, 2, 2, 1, 0.327, 0
1, 3, 2, 2, 2, 0.818, 0
1, 3, 2, 2, 3, 0.455, 0
1, 3, 2, 2, 4, 0.116, 0
1, 3, 2, 3, 0, 0.030, 0
1, 3, 2, 3, 1, 0.929, 0
1, 3, 2, 3, 2, 0.547, 0
1, 3, 2, 3, 3, 0.144, 0
1, 3, 2, 3, 4, 0.909, 0
1, 3, 2, 4, 0, 0.053, 0
1, 3, 2, 4, 1, 0.794, 0
1, 3, 2, 4, 2, 0.474, 0
1, 3, 2, 4, 3, 0.217, 0
1, 3, 2, 4, 4, 0.893, 0
1, 3, 3, 0, 0, 0.238, 0
1, 3, 3, 0, 1, 0.533, 0
1, 3, 3, 0, 2, 0.378, 0
1, 3, 3, 0, 3, 0.979, 0
1, 3, 3, 0, 4, 0.533, 0
1, 3, 3, 1, 0, 0.766, 0
1, 3, 3, 1, 1, 0.620, 0
1, 3, 3, 1, 2, 0.893, 0
1, 3, 3, 1, 3, 0.739, 0
1, 3, 3, 1, 4, 0.553, 0
1, 3, 3, 2, 0, 0.413, 0
1, 3, 3, 2, 1, 0.979, 0
1, 3, 3, 2, 2, 0.445, 0
1, 3, 3, 2, 3, 0.396, 0
1, 3, 3, 2, 4, 0.713, 0
1, 3, 3, 3, 0, 0.061, 0
1, 3, 3, 3, 1, 0.849, 0
1, 3, 3, 3, 2, 0.643, 0
1, 3, 3, 3, 3, 0.294, 0
1, 3, 3, 3, 4, 0.962, 0
1, 3, 3, 4, 0, 0.875, 0
1, 3, 3, 4, 1, 0.066, 0
1, 3, 3, 4, 2, 0.264, 0
1, 3, 3, 4, 3, 0.764, 0
1, 3, 3, 4, 4, 0.809, 0
1, 3, 4, 0, 0, 0.991, 0
1, 3, 4, 0, 1, 0.181, 0
1, 3, 4, 0, 2, 0.575, 0
1, 3, 4, 0, 3, 0.449, 0
1, 3, 4, 0, 4, 0.307, 0
1, 3, 4, 1, 0, 0.075, 0
1, 3, 4, 1, 1, 0.261, 0
1, 3, 4, 1, 2, 0.251, 0
1, 3, 4, 1, 3, 0.612, 0
1, 3, 4, 1, 4, 0.058, 0
1, 3, 4, 2, 0, 0.022, 0
1, 3, 4, 2, 1, 0.507, 0
1, 3, 4, 2, 2, 0.952, 0
1, 3, 4, 2, 3, 0.152, 0
1, 3, 4, 2, 4, 0.917, 0
1, 3, 4, 3, 0, 0.151, 0
1, 3, 4, 3, 1, 0.101, 0
1, 3, 4, 3, 2, 0.420, 0
1, 3, 4, 3, 3, 0.447, 0
1, 3, 4, 3, 4, 0.395, 0
1, 3, 4, 4, 0, 0.088, 0
1, 3, 4, 4, 1, 0.479, 0
1, 3, 4, 4, 2, 0.070, 0
1, 3, 4, 4, 3, 0.045, 0
1, 3, 4, 4, 4, 0.735, 0
1, 4, 0, 0, 0, 0.001, 0
1, 4, 0, 0, 1, 0.119, 0
1, 4, 0, 0, 2, 0.981, 0
1, 4, 0, 0, 3, 0.284, 0
1, 4, 0, 0, 4, 0.852, 0
1, 4, 0, 1, 0, 0.899, 0
1, 4, 0, 1, 1, 0.014, 0
1, 4, 0, 1, 2, 0.825, 0
1, 4, 0, 1, 3, 0.130, 0
1, 4, 0, 1, 4, 0.890, 0
1, 4, 0, 2, 0, 0.040, 0
1, 4, 0, 2, 1, 0.104, 0
1, 4, 0, 2, 2, 0.451, 0
1, 4, 0, 2, 3, 0.895, 0
1, 4, 0, 2, 4, 0.179, 0
1, 4, 0, 3, 0, 0.476, 0
1, 4, 0, 3, 1, 0.512, 0
1, 4, 0, 3, 2, 0.631, 0
1, 4, 0, 3, 3, 0.371, 0
1, 4, 0, 3, 4, 0.220, 0
1, 4, 0, 4, 0, 0.105, 0
1, 4, 0, 4, 1, 0.770, 0
1, 4, 0, 4, 2, 0.728, 0
1, 4, 0, 4, 3, 0.172, 0
1, 4, 0, 4, 4, 0.516, 0
1, 4, 1, 0, 0, 0.646, 0
1, 4, 1, 0, 1, 0.790, 0
1, 4, 1, 0, 2, 0.638, 0
1, 4, 1, 0, 3, 0.428, 0
1, 4, 1, 0, 4, 0.918, 0
1, 4, 1, 1, 0, 0.717, 0
1, 4, 1, 1, 1, 0.851, 0
1, 4, 1, 1, 2, 0.277, 0
1, 4, 1, 1, 3, 0.262, 0
1, 4, 1, 1, 4, 0.367, 0
1, 4, 1, 2, 0, 0.834, 0
1, 4, 1, 2, 1, 0.278, 0
1, 4, 1, 2, 2, 0.765, 0
1, 4, 1, 2, 3, 0.149, 0
1, 4, 1, 2, 4, 0.354, 0
1, 4, 1, 3, 0, 0.183, 0
1, 4, 1, 3, 1, 0.088, 0
1, 4, 1, 3, 2, 0.535, 0
1, 4, 1, 3, 3, 0.830, 0
1, 4, 1, 3, 4, 0.226, 0
1, 4, 1, 4, 0, 0.602, 0
1, 4, 1, 4, 1, 0.090, 0
1, 4, 1, 4, 2, 0.451, 0
1, 4, 1, 4, 3, 0.559, 0
1, 4, 1, 4, 4, 0.645, 0
1, 4, 2, 0, 0, 0.965, 0
1, 4, 2, 0, 1, 0.497, 0
1, 4, 2, 0, 2, 0.976, 0
1, 4, 2, 0, 3, 0.769, 0
1, 4, 2, 0, 4, 0.825, 0
1, 4, 2, 1, 0, 0.806, 0
1, 4, 2, 1, 1, 0.620, 0
1, 4, 2, 1, 2, 0.359, 0
1, 4, 2, 1, 3, 0.317, 0
1, 4, 2, 1, 4, 0.619, 0
1, 4, 2, 2, 0, 0.926, 0
1, 4, 2, 2, 1, 0.258, 0
1, 4, 2, 2, 2, 0.304, 0
1, 4, 2, 2, 3, 0.585, 0
1, 4, 2, 2, 4, 0.006, 0
1, 4, 2, 3, 0, 0.129, 0
1, 4, 2, 3, 1, 0.256, 0
1, 4, 2, 3, 2, 0.508, 0
1, 4, 2, 3, 3, 0.318, 0
1, 4, 2, 3, 4, 0.109, 0
1, 4, 2, 4, 0, 0.388, 0
1, 4, 2, 4, 1, 0.583, 0
1, 4, 2, 4, 2, 0.464, 0
1, 4, 2, 4, 3, 0.942, 0
1, 4, 2, 4, 4, 0.364, 0
1, 4, 3, 0, 0, 0.192, 0
1, 4, 3, 0, 1, 0.660, 0
1, 4, 3, 0, 2, 0.184, 0
1, 4, 3, 0, 3, 0.639, 0
1, 4, 3, 0, 4, 0.056, 0
1, 4, 3, 1, 0, 0.498, 0
1, 4, 3, 1, 1, 0.266, 0
1, 4, 3, 1, 2, 0.814, 0
1, 4, 3, 1, 3, 0.480, 0
1, 4, 3, 1, 4, 0.368, 0
1, 4, 3, 2, 0, 0.164, 0
1, 4, 3, 2, 1, 0.672, 0
1, 4, 3, 2, 2, 0.643, 0
1, 4, 3, 2, 3, 0.051, 0
1, 4, 3, 2, 4, 0.180, 0
1, 4, 3, 3, 0, 0.957, 0
1, 4, 3, 3, 1, 0.427, 0
1, 4, 3, 3, 2, 0.815, 0
1, 4, 3, 3, 3, 0.874, 0
1, 4, 3, 3, 4, 0.307, 0
1, 4, 3, 4, 0, 0.066, 0
1, 4, 3, 4, 1, 0.532, 0
1, 4, 3, 4, 2, 0.483, 0
1, 4, 3, 4, 3, 0.176, 0
1, 4, 3, 4, 4, 0.979, 0
1, 4, 4, 0, 0, 0.230, 0
1, 4, 4, 0, 1, 0.287, 0
1, 4, 4, 0, 2, 0.042, 0
1, 4, 4, 0, 3, 0.495, 0
1, 4, 4, 0, 4, 0.758, 0
1, 4, 4, 1, 0, 0.231, 0
1, 4, 4, 1, 1, 0.654, 0
1, 4, 4, 1, 2, 0.854, 0
1, 4, 4, 1, 3, 0.143, 0
1, 4, 4, 1, 4, 0.784, 0
1, 4, 4, 2, 0, 0.586, 0
1, 4, 4, 2, 1, 0.748, 0
1, 4, 4, 2, 2, 0.633, 0
1, 4, 4, 2, 3, 0.448, 0
1, 4, 4, 2, 4, 0.927, 0
1, 4, 4, 3, 0, 0.916, 0
1, 4, 4, 3, 1, 0.304, 0
1, 4, 4, 3, 2, 0.550, 0
1, 4, 4, 3, 3, 0.462, 0
1, 4, 4, 3, 4, 0.739, 0
1, 4, 4, 4, 0, 0.618, 0
1, 4, 4, 4, 1, 0.965, 0
1, 4, 4, 4, 2, 0.354, 0
1, 4, 4, 4, 3, 0.608, 0
1, 4, 4, 4, 4, 0.286, 0
2, 0, 0, 0, 0, 0.170, 0
2, 0, 0, 0, 1, 0.934, 0
2, 0, 0, 0, 2, 0.827, 0
2, 0, 0, 0, 3, 0.315, 0
2, 0, 0, 0, 4, 0.625, 0
2, 0, 0, 1, 0, 0.878, 0
2, 0, 0, 1, 1, 0.197, 0
2, 0, 0, 1, 2, 0.196, 0
2, 0, 0, 1, 3, 0.800, 0
2, 0, 0, 1, 4, 0.767, 0
2, 0, 0, 2, 0, 0.980, 0
2, 0, 0, 2, 1, 0.735, 0
2, 0, 0, 2, 2, 0.308, 0
2, 0, 0, 2, 3, 0.716, 0
2, 0, 0, 2, 4, 0.894, 0
2, 0, 0, 3, 0, 0.200, 0
2, 0, 0, 3, 1, 0.492, 0
2, 0, 0, 3, 2, 0.561, 0
2, 0, 0, 3, 3, 0.913, 0
2, 0, 0, 3, 4, 0.059, 0
2, 0, 0, 4, 0, 0.525, 0
2, 0, 0, 4, 1, 0.844, 0
2, 0, 0, 4, 2, 0.121, 0
2, 0, 0, 4, 3, 0.793, 0
2, 0, 0, 4, 4, 0.534, 0
2, 0, 1, 0, 0, 0.676, 0
2, 0, 1, 0, 1, 0.616, 0
2, 0, 1, 0, 2, 0.968, 0
2, 0, 1, 0, 3, 0.522, 0
2, 0, 1, 0, 4, 0.420, 0
2, 0, 1, 1, 0, 0.452, 0
2, 0, 1, 1, 1, 0.006, 0
2, 0, 1, 1, 2, 0.887, 0
2, 0, 1, 1, 3, 0.991, 0
2, 0, 1, 1, 4, 0.919, 0
2, 0, 1, 2, 0, -4.822, 1
2, 0, 1, 2, 1, -2.340, 1
2, 0, 1, 2, 2, 0.514, 0
2, 0, 1, 2, 3, 0.038, 0
2, 0, 1, 2, 4, 3.377, 3
2, 0, 1, 3, 0, 0.088, 0
2, 0, 1, 3, 1, 0.013, 0
2, 0, 1, 3, 2, 0.016, 0
2, 0, 1, 3, 3, 0.418, 0
2, 0, 1, 3, 4, 0.926, 0
2, 0, 1, 4, 0, 0.778, 0
2, 0, 1, 4, 1, 0.523, 0
2, 0, 1, 4, 2, 0.736, 0
2, 0, 1, 4, 3, 0.198, 0
2, 0, 1, 4, 4, 0.080, 0
2, 0, 2, 0, 0, 0.109, 0
2, 0, 2, 0, 1, 1.087, 1
2, 0, 2, 0, 2, 0.101, 0
2, 0, 2, 0, 3, 0.931, 0
2, 0, 2, 0, 4, 2.786, 6
2, 0, 2, 1, 0, -2.240, 2
2, 0, 2, 1, 1, -2.925, 2
2, 0, 2, 1, 2, -2.779, 1
2, 0, 2, 1, 3, -7.276, 3
2, 0, 2, 1, 4, -3.877, 8
2, 0, 2, 2, 0, -4.412, 7
2, 0, 2, 2, 1, -2.609, 2
2, 0, 2, 2, 2, -4.579, 5
2, 0, 2, 2, 3, -2.179, 1
2, 0, 2, 2, 4, -3.682, 4
2, 0, 2, 3, 0, 0.022, 0
2, 0, 2, 3, 1, 0.280, 0
2, 0, 2, 3, 2, 0.784, 0
2, 0, 2, 3, 3, 0.943, 0
2, 0, 2, 3, 4, 0.056, 0
2, 0, 2, 4, 0, 0.207, 0
2, 0, 2, 4, 1, 0.984, 0
2, 0, 2, 4, 2, 0.568, 0
2, 0, 2, 4, 3, 0.734, 0
2, 0, 2, 4, 4, 0.103, 0
2, 0, 3, 0, 0, 0.902, 0
2, 0, 3, 0, 1, 0.304, 0
2, 0, 3, 0, 2, 0.973, 0
2, 0, 3, 0, 3, 0.040, 0
2, 0, 3, 0, 4, 0.539, 0
2, 0, 3, 1, 0, -5.127, 2
2, 0, 3, 1, 1, -7.358, 3
2, 0, 3, 1, 2, -1.367, 3
2, 0, 3, 1, 3, -6.016, 3
2, 0, 3, 1, 4, -5.097, 7
2, 0, 3, 2, 0, -5.101, 6
2, 0, 3, 2, 1, -5.818, 14
2, 0, 3, 2, 2, -6.843, 5
2, 0, 3, 2, 3, -5.384, 9
2, 0, 3, 2, 4, -7.228, 25
2, 0, 3, 3, 0, 0.215, 0
2, 0, 3, 3, 1, 0.610, 0
2, 0, 3, 3, 2, 0.897, 0
2, 0, 3, 3, 3, 0.963, 0
2, 0, 3, 3, 4, 0.269, 0
2, 0, 3, 4, 0, 0.750, 0
2, 0, 3, 4, 1, 0.375, 0
2, 0, 3, 4, 2, 0.704, 0
2, 0, 3, 4, 3, 0.357, 0
2, 0, 3, 4, 4, 0.395, 0
2, 0, 4, 0, 0, 0.471, 0
2, 0, 4, 0, 1, 0.969, 0
2, 0, 4, 0, 2, 0.385, 0
2, 0, 4, 0, 3, 0.215, 0
2, 0, 4, 0, 4, 0.924, 0
2, 0, 4, 1, 0, -8.767, 5
2, 0, 4, 1, 1, -11.070, 4
2, 0, 4, 1, 2, -5.233, 3
2, 0, 4, 1, 3, -6.398, 4
2, 0, 4, 1, 4, -5.544, 6
2, 0, 4, 2, 0, -2.193, 6
2, 0, 4, 2, 1, -1.964, 10
2, 0, 4, 2, 2, -4.614, 9
2, 0, 4, 2, 3, -4.848, 6
2, 0, 4, 2, 4, -4.024, 18
2, 0, 4, 3, 0, 0.309, 0
2, 0, 4, 3, 1, 0.542, 0
2, 0, 4, 3, 2, 0.772, 0
2, 0, 4, 3, 3, 0.101, 0
2, 0, 4, 3, 4, 0.228, 0
2, 0, 4, 4, 0, 0.267, 0
2, 0, 4, 4, 1, 0.911, 0
2, 0, 4, 4, 2, 0.318, 0
2, 0, 4, 4, 3, 0.983, 0
2, 0, 4, 4, 4, 0.878, 0
2, 1, 0, 0, 0, 0.604, 0
2, 1, 0, 0, 1, 0.310, 0
2, 1, 0, 0, 2, 0.121, 0
2, 1, 0, 0, 3, 0.386, 0
2, 1, 0, 0, 4, 0.484, 0
2, 1, 0, 1, 0, 0.970, 0
2, 1, 0, 1, 1, 0.353, 1
2, 1, 0, 1, 2, 0.256, 0
2, 1, 0, 1, 3, 0.137, 0
2, 1, 0, 1, 4, 1.051, 2
2, 1, 0, 2, 0, -21.732, 9
2, 1, 0, 2, 1, -21.196, 7
2, 1, 0, 2, 2, -20.566, 4
2, 1, 0, 2, 3, -22.604, 7
2, 1, 0, 2, 4, -18.701, 13
2, 1, 0, 3, 0, 0.743, 0
2, 1, 0, 3, 1, 0.468, 0
2, 1, 0, 3, 2, 0.907, 0
2, 1, 0, 3, 3, 0.280, 0
2, 1, 0, 3, 4, 0.075, 0
2, 1, 0, 4, 0, 0.728, 0
2, 1, 0, 4, 1, 0.173, 0
2, 1, 0, 4, 2, 0.025, 0
2, 1, 0, 4, 3, 0.400, 0
2, 1, 0, 4, 4, 0.586, 0
2, 1, 1, 0, 0, 0.039, 2
2, 1, 1, 0, 1, -0.677, 2
2, 1, 1, 0, 2, 0.202, 0
2, 1, 1, 0, 3, -1.534, 4
2, 1, 1, 0, 4, -1.131, 10
2, 1, 1, 1, 0, 4.139, 14
2, 1, 1, 1, 1, -0.001, 15
2, 1, 1, 1, 2, 2.685, 14
2, 1, 1, 1, 3, 5.814, 13
2, 1, 1, 1, 4, 0.544, 29
2, 1, 1, 2, 0, -9.441, 25
2, 1, 1, 2, 1, -8.060, 37
2, 1, 1, 2, 2, -7.900, 29
2, 1, 1, 2, 3, -3.269, 24
2, 1, 1, 2, 4, -5.087, 60
2, 1, 1, 3, 0, 0.033, 0
2, 1, 1, 3, 1, 0.015, 0
2, 1, 1, 3, 2, 0.268, 0
2, 1, 1, 3, 3, 0.827, 0
2, 1, 1, 3, 4, 0.578, 0
2, 1, 1, 4, 0, 0.484, 0
2, 1, 1, 4, 1, 0.336, 0
2, 1, 1, 4, 2, 0.730, 0
2, 1, 1, 4, 3, 0.920, 0
2, 1, 1, 4, 4, 0.468, 0
2, 1, 2, 0, 0, 0.223, 0
2, 1, 2, 0, 1, -2.824, 3
2, 1, 2, 0, 2, -7.592, 3
2, 1, 2, 0, 3, -1.119, 1
2, 1, 2, 0, 4, 1.189, 9
2, 1, 2, 1, 0, -4.883, 7
2, 1, 2, 1, 1, -0.709, 11
2, 1, 2, 1, 2, -0.488, 15
2, 1, 2, 1, 3, -0.291, 7
2, 1, 2, 1, 4, -1.891, 37
2, 1, 2, 2, 0, -8.606, 58
2, 1, 2, 2, 1, -7.685, 76
2, 1, 2, 2, 2, -7.860, 67
2, 1, 2, 2, 3, -7.328, 53
2, 1, 2, 2, 4, -8.338, 134
2, 1, 2, 3, 0, 0.125, 0
2, 1, 2, 3, 1, 0.392, 0
2, 1, 2, 3, 2, 0.833, 0
2, 1, 2, 3, 3, 0.591, 0
2, 1, 2, 3, 4, 0.919, 0
2, 1, 2, 4, 0, 0.219, 0
2, 1, 2, 4, 1, 0.859, 0
2, 1, 2, 4, 2, 0.143, 0
2, 1, 2, 4, 3, 0.553, 0
2, 1, 2, 4, 4, 0.110, 0
2, 1, 3, 0, 0, -4.553, 3
2, 1, 3, 0, 1, 1.211, 6
2, 1, 3, 0, 2, -1.706, 4
2, 1, 3, 0, 3, -1.498, 3
2, 1, 3, 0, 4, 0.932, 8
2, 1, 3, 1, 0, -2.040, 17
2, 1, 3, 1, 1, -2.154, 16
2, 1, 3, 1, 2, -0.497, 19
2, 1, 3, 1, 3, -1.377, 25
2, 1, 3, 1, 4, -1.829, 55
2, 1, 3, 2, 0, -17.089, 112
2, 1, 3, 2, 1, -10.192, 105
2, 1, 3, 2, 2, -9.473, 114
2, 1, 3, 2, 3, -9.553, 91
2, 1, 3, 2, 4, -14.177, 244
2, 1, 3, 3, 0, 0.134, 0
2, 1, 3, 3, 1, 0.425, 0
2, 1, 3, 3, 2, 0.601, 0
2, 1, 3, 3, 3, 0.847, 0
2, 1, 3, 3, 4, 0.594, 0
2, 1, 3, 4, 0, 0.775, 0
2, 1, 3, 4, 1, 0.163, 0
2, 1, 3, 4, 2, 0.513, 0
2, 1, 3, 4, 3, 0.145, 0
2, 1, 3, 4, 4, 0.451, 0
2, 1, 4, 0, 0, -5.021, 3
2, 1, 4, 0, 1, -6.048, 4
2, 1, 4, 0, 2, -3.843, 1
2, 1, 4, 0, 3, -4.156, 2
2, 1, 4, 0, 4, -2.993, 2
2, 1, 4, 1, 0, -5.069, 16
2, 1, 4, 1, 1, -2.753, 27
2, 1, 4, 1, 2, -3.571, 11
2, 1, 4, 1, 3, -4.666, 9
2, 1, 4, 1, 4, -5.619, 29
2, 1, 4, 2, 0, -17.711, 106
2, 1, 4, 2, 1, -10.000, 151
2, 1, 4, 2, 2, -21.501, 118
2, 1, 4, 2, 3, -8.137, 112
2, 1, 4, 2, 4, -12.112, 277
2, 1, 4, 3, 0, 0.152, 0
2, 1, 4, 3, 1, 0.032, 0
2, 1, 4, 3, 2, 0.798, 0
2, 1, 4, 3, 3, 0.447, 0
2, 1, 4, 3, 4, 0.566, 0
2, 1, 4, 4, 0, 0.626, 0
2, 1, 4, 4, 1, 0.979, 0
2, 1, 4, 4, 2, 0.130, 0
2, 1, 4, 4, 3, 0.654, 0
2, 1, 4, 4, 4, 0.109, 0
2, 2, 0, 0, 0, 0.214, 0
2, 2, 0, 0, 1, 0.753, 0
2, 2, 0, 0, 2, 0.386, 0
2, 2, 0, 0, 3, 0.739, 0
2, 2, 0, 0, 4, 0.159, 0
2, 2, 0, 1, 0, 0.227, 0
2, 2, 0, 1, 1, 0.856, 0
2, 2, 0, 1, 2, 0.505, 0
2, 2, 0, 1, 3, 0.924, 0
2, 2, 0, 1, 4, 0.591, 0
2, 2, 0, 2, 0, -0.506, 2
2, 2, 0, 2, 1, -7.051, 2
2, 2, 0, 2, 2, -4.944, 4
2, 2, 0, 2, 3, -1.037, 4
2, 2, 0, 2, 4, -4.644, 8
2, 2, 0, 3, 0, 0.468, 0
2, 2, 0, 3, 1, 0.057, 0
2, 2, 0, 3, 2, 0.087, 0
2, 2, 0, 3, 3, 0.385, 0
2, 2, 0, 3, 4, 0.985, 0
2, 2, 0, 4, 0, 0.877, 0
2, 2, 0, 4, 1, 0.263, 0
2, 2, 0, 4, 2, 0.366, 0
2, 2, 0, 4, 3, 0.338, 0
2, 2, 0, 4, 4, 0.948, 0
2, 2, 1, 0, 0, -1.340, 3
2, 2, 1, 0, 1, -4.259, 1
2, 2, 1, 0, 2, -5.717, 1
2, 2, 1, 0, 3, 0.372, 0
2, 2, 1, 0, 4, -6.222, 1
2, 2, 1, 1, 0, -2.575, 4
2, 2, 1, 1, 1, -5.010, 6
2, 2, 1, 1, 2, -0.481, 4
2, 2, 1, 1, 3, 3.610, 6
2, 2, 1, 1, 4, 0.011, 8
2, 2, 1, 2, 0, -6.158, 3
2, 2, 1, 2, 1, 2.131, 7
2, 2, 1, 2, 2, 1.175, 5
2, 2, 1, 2, 3, -7.978, 6
2, 2, 1, 2, 4, 2.844, 12
2, 2, 1, 3, 0, 0.908, 0
2, 2, 1, 3, 1, 0.950, 0
2, 2, 1, 3, 2, 0.975, 0
2, 2, 1, 3, 3, 0.689, 0
2, 2, 1, 3, 4, 0.888, 0
2, 2, 1, 4, 0, 0.550, 0
2, 2, 1, 4, 1, 0.034, 0
2, 2, 1, 4, 2, 0.649, 0
2, 2, 1, 4, 3, 0.017, 0
2, 2, 1, 4, 4, 0.643, 0
2, 2, 2, 0, 0, -1.171, 1
2, 2, 2, 0, 1, -7.005, 2
2, 2, 2, 0, 2, -1.459, 2
2, 2, 2, 0, 3, -7.877, 2
2, 2, 2, 0, 4, -8.074, 5
2, 2, 2, 1, 0, -1.444, 3
2, 2, 2, 1, 1, -1.113, 4
2, 2, 2, 1, 2, -1.104, 3
2, 2, 2, 1, 3, -2.091, 4
2, 2, 2, 1, 4, -2.145, 2
2, 2, 2, 2, 0, 1.404, 3
2, 2, 2, 2, 1, 3.740, 7
2, 2, 2, 2, 2, 3.584, 4
2, 2, 2, 2, 3, 1.055, 9
2, 2, 2, 2, 4, 3.319, 13
2, 2, 2, 3, 0, 0.904, 0
2, 2, 2, 3, 1, 0.701, 0
2, 2, 2, 3, 2, 0.147, 0
2, 2, 2, 3, 3, 0.904, 0
2, 2, 2, 3, 4, 0.273, 0
2, 2, 2, 4, 0, 0.827, 0
2, 2, 2, 4, 1, 0.810, 0
2, 2, 2, 4, 2, 0.334, 0
2, 2, 2, 4, 3, 0.992, 0
2, 2, 2, 4, 4, 0.384, 0
2, 2, 3, 0, 0, 0.569, 0
2, 2, 3, 0, 1, 0.058, 0
2, 2, 3, 0, 2, -0.806, 1
2, 2, 3, 0, 3, 0.540, 0
2, 2, 3, 0, 4, -4.113, 1
2, 2, 3, 1, 0, -1.862, 5
2, 2, 3, 1, 1, -0.287, 4
2, 2, 3, 1, 2, -1.394, 2
2, 2, 3, 1, 3, -1.950, 3
2, 2, 3, 1, 4, -1.034, 2
2, 2, 3, 2, 0, -0.839, 13
2, 2, 3, 2, 1, -0.334, 4
2, 2, 3, 2, 2, -3.043, 6
2, 2, 3, 2, 3, 1.401, 7
2, 2, 3, 2, 4, -7.817, 5
2, 2, 3, 3, 0, 0.290, 0
2, 2, 3, 3, 1, 0.401, 0
2, 2, 3, 3, 2, 0.875, 0
2, 2, 3, 3, 3, 0.139, 0
2, 2, 3, 3, 4, 0.180, 0
2, 2, 3, 4, 0, 0.464, 0
2, 2, 3, 4, 1, 0.696, 0
2, 2, 3, 4, 2, 0.817, 0
2, 2, 3, 4, 3, 0.055, 0
2, 2, 3, 4, 4, 0.205, 0
2, 2, 4, 0, 0, 0.614, 0
2, 2, 4, 0, 1, -0.985, 1
2, 2, 4, 0, 2, 0.366, 0
2, 2, 4, 0, 3, -2.147, 2
2, 2, 4, 0, 4, -1.015, 1
2, 2, 4, 1, 0, -2.673, 2
2, 2, 4, 1, 1, -3.006, 3
2, 2, 4, 1, 2, -1.304, 3
2, 2, 4, 1, 3, -1.751, 1
2, 2, 4, 1, 4, -2.440, 7
2, 2, 4, 2, 0, -4.240, 3
2, 2, 4, 2, 1, -1.407, 3
2, 2, 4, 2, 2, -3.065, 1
2, 2, 4, 2, 3, -0.159, 3
2, 2, 4, 2, 4, 0.040, 9
2, 2, 4, 3, 0, 0.670, 0
2, 2, 4, 3, 1, 0.681, 0
2, 2, 4, 3, 2, 0.947, 0
2, 2, 4, 3, 3, 0.885, 0
2, 2, 4, 3, 4, 0.699, 0
2, 2, 4, 4, 0, 0.417, 0
2, 2, 4, 4, 1, 0.902, 0
2, 2, 4, 4, 2, 0.061, 0
2, 2, 4, 4, 3, 0.204, 0
2, 2, 4, 4, 4, 0.574, 0
2, 3, 0, 0, 0, 0.240, 0
2, 3, 0, 0, 1, 0.361, 0
2, 3, 0, 0, 2, 0.833, 0
2, 3, 0, 0, 3, 0.636, 0
2, 3, 0, 0, 4, 0.723, 0
2, 3, 0, 1, 0, 0.536, 0
2, 3, 0, 1, 1, 0.548, 0
2, 3, 0, 1, 2, 0.229, 0
2, 3, 0, 1, 3, 0.931, 0
2, 3, 0, 1, 4, 0.345, 0
2, 3, 0, 2, 0, 0.037, 0
2, 3, 0, 2, 1, 0.841, 0
2, 3, 0, 2, 2, 0.159, 0
2, 3, 0, 2, 3, 0.019, 0
2, 3, 0, 2, 4, 0.175, 0
2, 3, 0, 3, 0, 0.916, 0
2, 3, 0, 3, 1, 0.898, 0
2, 3, 0, 3, 2, 0.775, 0
2, 3, 0, 3, 3, 0.859, 0
2, 3, 0, 3, 4, 0.165, 0
2, 3, 0, 4, 0, 0.273, 0
2, 3, 0, 4, 1, 0.393, 0
2, 3, 0, 4, 2, 0.276, 0
2, 3, 0, 4, 3, 0.775, 0
2, 3, 0, 4, 4, 0.933, 0
2, 3, 1, 0, 0, 0.842, 0
2, 3, 1, 0, 1, 0.404, 0
2, 3, 1, 0, 2, 0.446, 0
2, 3, 1, 0, 3, 0.521, 0
2, 3, 1, 0, 4, 0.573, 0
2, 3, 1, 1, 0, 0.352, 0
2, 3, 1, 1, 1, 0.555, 0
2, 3, 1, 1, 2, 0.047, 0
2, 3, 1, 1, 3, 0.598, 0
2, 3, 1, 1, 4, 0.960, 0
2, 3, 1, 2, 0, 0.561, 0
2, 3, 1, 2, 1, 0.202, 0
2, 3, 1, 2, 2, 0.729, 0
2, 3, 1, 2, 3, 0.928, 0
2, 3, 1, 2, 4, 0.718, 0
2, 3, 1, 3, 0, 0.883, 0
2, 3, 1, 3, 1, 0.350, 0
2, 3, 1, 3, 2, 0.641, 0
2, 3, 1, 3, 3, 0.500, 0
2, 3, 1, 3, 4, 0.970, 0
2, 3, 1, 4, 0, 0.950, 0
2, 3, 1, 4, 1, 0.757, 0
2, 3, 1, 4, 2, 0.707, 0
2, 3, 1, 4, 3, 0.720, 0
2, 3, 1, 4, 4, 0.205, 0
2, 3, 2, 0, 0, 0.571, 0
2, 3, 2, 0, 1, 0.079, 0
2, 3, 2, 0, 2, 0.975, 0
2, 3, 2, 0, 3, 0.807, 0
2, 3, 2, 0, 4, 0.166, 0
2, 3, 2, 1, 0, 0.398, 0
2, 3, 2, 1, 1, 0.718, 0
2, 3, 2, 1, 2, 0.348, 0
2, 3, 2, 1, 3, 0.344, 0
2, 3, 2, 1, 4, 0.461, 0
2, 3, 2, 2, 0, 0.468, 0
2, 3, 2, 2, 1, 0.564, 0
2, 3, 2, 2, 2, 0.389, 0
2, 3, 2, 2, 3, 0.035, 0
2, 3, 2, 2, 4, 0.378, 0
2, 3, 2, 3, 0, 0.910, 0
2, 3, 2, 3, 1, 0.777, 0
2, 3, 2, 3, 2, 0.879, 0
2, 3, 2, 3, 3, 0.905, 0
2, 3, 2, 3, 4, 0.977, 0
2, 3, 2, 4, 0, 0.049, 0
2, 3, 2, 4, 1, 0.170, 0
2, 3, 2, 4, 2, 0.388, 0
2, 3, 2, 4, 3, 0.518, 0
2, 3, 2, 4, 4, 0.205, 0
2, 3, 3, 0, 0, 0.248, 0
2, 3, 3, 0, 1, 0.898, 0
2, 3, 3, 0, 2, 0.931, 0
2, 3, 3, 0, 3, 0.141, 0
2, 3, 3, 0, 4, 0.405, 0
2, 3, 3, 1, 0, 0.306, 0
2, 3, 3, 1, 1, 0.882, 0
2, 3, 3, 1, 2, 0.824, 0
2, 3, 3, 1, 3, 0.546, 0
2, 3, 3, 1, 4, 0.552, 0
2, 3, 3, 2, 0, 0.376, 0
2, 3, 3, 2, 1, 0.173, 0
2, 3, 3, 2, 2, 0.968, 0
2, 3, 3, 2, 3, 0.771, 0
2, 3, 3, 2, 4, 0.007, 0
2, 3, 3, 3, 0, 0.829, 0
2, 3, 3, 3, 1, 0.146, 0
2, 3, 3, 3, 2, 0.032, 0
2, 3, 3, 3, 3, 0.279, 0
2, 3, 3, 3, 4, 0.310, 0
2, 3, 3, 4, 0, 0.396, 0
2, 3, 3, 4, 1, 0.175, 0
2, 3, 3, 4, 2, 0.885, 0
2, 3, 3, 4, 3, 0.363, 0
2, 3, 3, 4, 4, 0.497, 0
2, 3, 4, 0, 0, 0.395, 0
2, 3, 4, 0, 1, 0.575, 0
2, 3, 4, 0, 2, 0.680, 0
2, 3, 4, 0, 3, 0.884, 0
2, 3, 4, 0, 4, 0.001, 0
2, 3, 4, 1, 0, 0.760, 0
2, 3, 4, 1, 1, 0.520, 0
2, 3, 4, 1, 2, 0.826, 0
2, 3, 4, 1, 3, 0.038, 0
2, 3, 4, 1, 4, 0.340, 0
2, 3, 4, 2, 0, 0.206, 0
2, 3, 4, 2, 1, 0.062, 0
2, 3, 4, 2, 2, 0.259, 0
2, 3, 4, 2, 3, 0.320, 0
2, 3, 4, 2, 4, 0.909, 0
2, 3, 4, 3, 0, 0.756, 0
2, 3, 4, 3, 1, 0.295, 0
2, 3, 4, 3, 2, 0.651, 0
2, 3, 4, 3, 3, 0.594, 0
2, 3, 4, 3, 4, 0.247, 0
2, 3, 4, 4, 0, 0.706, 0
2, 3, 4, 4, 1, 0.409, 0
2, 3, 4, 4, 2, 0.540, 0
2, 3, 4, 4, 3, 0.012, 0
2, 3, 4, 4, 4, 0.024, 0
2, 4, 0, 0, 0, 0.851, 0
2, 4, 0, 0, 1, 0.358, 0
2, 4, 0, 0, 2, 0.455, 0
2, 4, 0, 0, 3, 0.814, 0
2, 4, 0, 0, 4, 0.099, 0
2, 4, 0, 1, 0, 0.023, 0
2, 4, 0, 1, 1, 0.621, 0
2, 4, 0, 1, 2, 0.242, 0
2, 4, 0, 1, 3, 0.219, 0
2, 4, 0, 1, 4, 0.017, 0
2, 4, 0, 2, 0, 0.704, 0
2, 4, 0, 2, 1, 0.648, 0
2, 4, 0, 2, 2, 0.242, 0
2, 4, 0, 2, 3, 0.345, 0
2, 4, 0, 2, 4, 0.264, 0
2, 4, 0, 3, 0, 0.116, 0
2, 4, 0, 3, 1, 0.228, 0
2, 4, 0, 3, 2, 0.821, 0
2, 4, 0, 3, 3, 0.395, 0
2, 4, 0, 3, 4, 0.119, 0
2, 4, 0, 4, 0, 0.823, 0
2, 4, 0, 4, 1, 0.724, 0
2, 4, 0, 4, 2, 0.698, 0
2, 4, 0, 4, 3, 0.890, 0
2, 4, 0, 4, 4, 0.896, 0
2, 4, 1, 0, 0, 0.671, 0
2, 4, 1, 0, 1, 0.808, 0
2, 4, 1, 0, 2, 0.287, 0
2, 4, 1, 0, 3, 0.729, 0
2, 4, 1, 0, 4, 0.291, 0
2, 4, 1, 1, 0, 0.393, 0
2, 4, 1, 1, 1, 0.564, 0
2, 4, 1, 1, 2, 0.940, 0
2, 4, 1, 1, 3, 0.074, 0
2, 4, 1, 1, 4, 0.995, 0
2, 4, 1, 2, 0, 0.671, 0
2, 4, 1, 2, 1, 0.781, 0
2, 4, 1, 2, 2, 0.614, 0
2, 4, 1, 2, 3, 0.818, 0
2, 4, 1, 2, 4, 0.371, 0
2, 4, 1, 3, 0, 0.703, 0
2, 4, 1, 3, 1, 0.286, 0
2, 4, 1, 3, 2, 0.607, 0
2, 4, 1, 3, 3, 0.743, 0
2, 4, 1, 3, 4, 0.115, 0
2, 4, 1, 4, 0, 0.307, 0
2, 4, 1, 4, 1, 0.007, 0
2, 4, 1, 4, 2, 0.399, 0
2, 4, 1, 4, 3, 0.079, 0
2, 4, 1, 4, 4, 0.021, 0
2, 4, 2, 0, 0, 0.441, 0
2, 4, 2, 0, 1, 0.051, 0
2, 4, 2, 0, 2, 0.271, 0
2, 4, 2, 0, 3, 0.232, 0
2, 4, 2, 0, 4, 0.340, 0
2, 4, 2, 1, 0, 0.898, 0
2, 4, 2, 1, 1, 0.917, 0
2, 4, 2, 1, 2, 0.334, 0
2, 4, 2, 1, 3, 0.740, 0
2, 4, 2, 1, 4, 0.674, 0
2, 4, 2, 2, 0, 0.584, 0
2, 4, 2, 2, 1, 0.051, 0
2, 4, 2, 2, 2, 0.684, 0
2, 4, 2, 2, 3, 0.106, 0
2, 4, 2, 2, 4, 0.610, 0
2, 4, 2, 3, 0, 0.590, 0
2, 4, 2, 3, 1, 0.531, 0
2, 4, 2, 3, 2, 0.935, 0
2, 4, 2, 3, 3, 0.725, 0
2, 4, 2, 3, 4, 0.128, 0
2, 4, 2, 4, 0, 0.317, 0
2, 4, 2, 4, 1, 0.653, 0
2, 4, 2, 4, 2, 0.860, 0
2, 4, 2, 4, 3, 0.614, 0
2, 4, 2, 4, 4, 0.537, 0
2, 4, 3, 0, 0, 0.567, 0
2, 4, 3, 0, 1, 0.485, 0
2, 4, 3, 0, 2, 0.033, 0
2, 4, 3, 0, 3, 0.276, 0
2, 4, 3, 0, 4, 0.851, 0
2, 4, 3, 1, 0, 0.823, 0
2, 4, 3, 1, 1, 0.426, 0
2, 4, 3, 1, 2, 0.454, 0
2, 4, 3, 1, 3, 0.783, 0
2, 4, 3, 1, 4, 0.163, 0
2, 4, 3, 2, 0, 0.161, 0
2, 4, 3, 2, 1, 0.060, 0
2, 4, 3, 2, 2, 0.462, 0
2, 4, 3, 2, 3, 0.127, 0
2, 4, 3, 2, 4, 0.181, 0
2, 4, 3, 3, 0, 0.616, 0
2, 4, 3, 3, 1, 0.929, 0
2, 4, 3, 3, 2, 0.130, 0
2, 4, 3, 3, 3, 0.209, 0
2, 4, 3, 3, 4, 0.837, 0
2, 4, 3, 4, 0, 0.727, 0
2, 4, 3, 4, 1, 0.468, 0
2, 4, 3, 4, 2, 0.184, 0
2, 4, 3, 4, 3, 0.342, 0
2, 4, 3, 4, 4, 0.670, 0
2, 4, 4, 0, 0, 0.455, 0
2, 4, 4, 0, 1, 0.520, 0
2, 4, 4, 0, 2, 0.565, 0
2, 4, 4, 0, 3, 0.751, 0
2, 4, 4, 0, 4, 0.763, 0
2, 4, 4, 1, 0, 0.129, 0
2, 4, 4, 1, 1, 0.496, 0
2, 4, 4, 1, 2, 0.898, 0
2, 4, 4, 1, 3, 0.649, 0
2, 4, 4, 1, 4, 0.551, 0
2, 4, 4, 2, 0, 0.689, 0
2, 4, 4, 2, 1, 0.544, 0
2, 4, 4, 2, 2, 0.089, 0
2, 4, 4, 2, 3, 0.919, 0
2, 4, 4, 2, 4, 0.055, 0
2, 4, 4, 3, 0, 0.794, 0
2, 4, 4, 3, 1, 0.905, 0
2, 4, 4, 3, 2, 0.962, 0
2, 4, 4, 3, 3, 0.328, 0
2, 4, 4, 3, 4, 0.289, 0
2, 4, 4, 4, 0, 0.871, 0
2, 4, 4, 4, 1, 0.713, 0
2, 4, 4, 4, 2, 0.702, 0
2, 4, 4, 4, 3, 0.761, 0
2, 4, 4, 4, 4, 0.421, 0
3, 0, 0, 0, 0, 0.088, 0
3, 0, 0, 0, 1, 0.105, 0
3, 0, 0, 0, 2, 0.654, 0
3, 0, 0, 0, 3, 0.044, 0
3, 0, 0, 0, 4, 0.072, 0
3, 0, 0, 1, 0, 0.741, 0
3, 0, 0, 1, 1, 0.131, 0
3, 0, 0, 1, 2, 0.646, 0
3, 0, 0, 1, 3, 0.785, 0
3, 0, 0, 1, 4, 0.035, 0
3, 0, 0, 2, 0, 0.217, 0
3, 0, 0, 2, 1, 0.170, 0
3, 0, 0, 2, 2, -2.368, 2
3, 0, 0, 2, 3, 0.879, 0
3, 0, 0, 2, 4, 1.646, 1
3, 0, 0, 3, 0, 0.565, 0
3, 0, 0, 3, 1, 0.923, 0
3, 0, 0, 3, 2, 0.131, 0
3, 0, 0, 3, 3, 0.309, 0
3, 0, 0, 3, 4, 0.719, 0
3, 0, 0, 4, 0, 0.561, 0
3, 0, 0, 4, 1, 0.631, 0
3, 0, 0, 4, 2, 0.755, 0
3, 0, 0, 4, 3, 0.354, 0
3, 0, 0, 4, 4, 0.009, 0
3, 0, 1, 0, 0, 1.434, 1
3, 0, 1, 0, 1, 0.861, 0
3, 0, 1, 0, 2, 0.993, 0
3, 0, 1, 0, 3, 1.610, 1
3, 0, 1, 0, 4, 1.815, 3
3, 0, 1, 1, 0, -0.547, 1
3, 0, 1, 1, 1, 0.004, 0
3, 0, 1, 1, 2, -0.482, 1
3, 0, 1, 1, 3, 0.032, 0
3, 0, 1, 1, 4, 0.051, 0
3, 0, 1, 2, 0, -1.083, 3
3, 0, 1, 2, 1, -1.155, 1
3, 0, 1, 2, 2, -1.427, 2
3, 0, 1, 2, 3, 0.141, 3
3, 0, 1, 2, 4, 0.561, 4
3, 0, 1, 3, 0, 0.291, 0
3, 0, 1, 3, 1, 0.280, 0
3, 0, 1, 3, 2, 0.832, 0
3, 0, 1, 3, 3, 0.221, 0
3, 0, 1, 3, 4, 0.680, 0
3, 0, 1, 4, 0, 0.060, 0
3, 0, 1, 4, 1, 0.154, 0
3, 0, 1, 4, 2, 0.586, 0
3, 0, 1, 4, 3, 0.143, 0
3, 0, 1, 4, 4, 0.869, 0
3, 0, 2, 0, 0, 1.999, 1
3, 0, 2, 0, 1, 0.522, 0
3, 0, 2, 0, 2, 2.780, 2
3, 0, 2, 0, 3, 4.001, 2
3, 0, 2, 0, 4, 1.251, 1
3, 0, 2, 1, 0, 2.916, 4
3, 0, 2, 1, 1, 0.299, 2
3, 0, 2, 1, 2, -1.087, 4
3, 0, 2, 1, 3, -1.775, 7
3, 0, 2, 1, 4, -1.151, 4
3, 0, 2, 2, 0, -7.341, 11
3, 0, 2, 2, 1, -5.360, 5
3, 0, 2, 2, 2, -6.056, 5
3, 0, 2, 2, 3, -5.628, 14
3, 0, 2, 2, 4, -10.274, 20
3, 0, 2, 3, 0, 0.701, 0
3, 0, 2, 3, 1, 0.046, 0
3, 0, 2, 3, 2, 0.156, 0
3, 0, 2, 3, 3, 0.831, 0
3, 0, 2, 3, 4, 0.133, 0
3, 0, 2, 4, 0, 0.822, 0
3, 0, 2, 4, 1, 0.072, 0
3, 0, 2, 4, 2, 0.354, 0
3, 0, 2, 4, 3, 0.240, 0
3, 0, 2, 4, 4, 0.204, 0
3, 0, 3, 0, 0, 0.383, 0
3, 0, 3, 0, 1, 0.498, 0
3, 0, 3, 0, 2, 1.945, 1
3, 0, 3, 0, 3, 2.724, 3
3, 0, 3, 0, 4, 5.710, 9
3, 0, 3, 1, 0, -3.073, 6
3, 0, 3, 1, 1, -2.534, 11
3, 0, 3, 1, 2, -0.820, 8
3, 0, 3, 1, 3, 2.208, 3
3, 0, 3, 1, 4, -1.850, 19
3, 0, 3, 2, 0, -7.805, 23
3, 0, 3, 2, 1, -7.198, 24
3, 0, 3, 2, 2, -6.796, 22
3, 0, 3, 2, 3, -3.049, 17
3, 0, 3, 2, 4, -4.122, 47
3, 0, 3, 3, 0, 0.128, 0
3, 0, 3, 3, 1, 0.448, 0
3, 0, 3, 3, 2, 0.954, 0
3, 0, 3, 3, 3, 0.712, 0
3, 0, 3, 3, 4, 0.349, 0
3, 0, 3, 4, 0, 0.099, 0
3, 0, 3, 4, 1, 0.179, 0
3, 0, 3, 4, 2, 0.223, 0
3, 0, 3, 4, 3, 0.018, 0
3, 0, 3, 4, 4, 0.332, 0
3, 0, 4, 0, 0, 0.514, 0
3, 0, 4, 0, 1, 1.892, 2
3, 0, 4, 0, 2, 0.465, 1
3, 0, 4, 0, 3, 0.621, 0
3, 0, 4, 0, 4, 0.069, 0
3, 0, 4, 1, 0, 0.015, 14
3, 0, 4, 1, 1, -0.856, 22
3, 0, 4, 1, 2, -1.372, 25
3, 0, 4, 1, 3, -0.073, 26
3, 0, 4, 1, 4, 1.925, 72
3, 0, 4, 2, 0, -2.174, 40
3, 0, 4, 2, 1, -1.101, 36
3, 0, 4, 2, 2, -1.178, 27
3, 0, 4, 2, 3, -0.627, 29
3, 0, 4, 2, 4, -6.619, 69
3, 0, 4, 3, 0, 0.038, 0
3, 0, 4, 3, 1, 0.143, 0
3, 0, 4, 3, 2, 0.964, 0
3, 0, 4, 3, 3, 0.085, 0
3, 0, 4, 3, 4, 0.542, 0
3, 0, 4, 4, 0, 0.532, 0
3, 0, 4, 4, 1, 0.545, 0
3, 0, 4, 4, 2, 0.156, 0
3, 0, 4, 4, 3, 0.622, 0
3, 0, 4, 4, 4, 0.578, 0
3, 1, 0, 0, 0, -0.081, 2
3, 1, 0, 0, 1, 0.884, 0
3, 1, 0, 0, 2, 0.117, 0
3, 1, 0, 0, 3, 0.982, 0
3, 1, 0, 0, 4, 0.480, 0
3, 1, 0, 1, 0, 3.703, 4
3, 1, 0, 1, 1, 0.960, 3
3, 1, 0, 1, 2, -2.690, 9
3, 1, 0, 1, 3, 3.382, 1
3, 1, 0, 1, 4, 5.780, 5
3, 1, 0, 2, 0, -13.104, 3
3, 1, 0, 2, 1, -9.216, 5
3, 1, 0, 2, 2, -11.466, 7
3, 1, 0, 2, 3, -0.299, 13
3, 1, 0, 2, 4, -7.467, 21
3, 1, 0, 3, 0, 0.858, 0
3, 1, 0, 3, 1, 0.159, 0
3, 1, 0, 3, 2, 0.214, 0
3, 1, 0, 3, 3, 0.956, 0
3, 1, 0, 3, 4, 0.490, 0
3, 1, 0, 4, 0, 0.767, 0
3, 1, 0, 4, 1, 0.206, 0
3, 1, 0, 4, 2, 0.548, 0
3, 1, 0, 4, 3, 0.974, 0
3, 1, 0, 4, 4, 0.617, 0
3, 1, 1, 0, 0, 5.413, 7
3, 1, 1, 0, 1, 5.073, 2
3, 1, 1, 0, 2, 4.575, 11
3, 1, 1, 0, 3, 2.908, 8
3, 1, 1, 0, 4, 4.055, 10
3, 1, 1, 1, 0, 2.899, 37
3, 1, 1, 1, 1, 5.535, 46
3, 1, 1, 1, 2, 5.183, 29
3, 1, 1, 1, 3, 5.927, 17
3, 1, 1, 1, 4, 5.039, 84
3, 1, 1, 2, 0, -6.116, 44
3, 1, 1, 2, 1, -2.895, 86
3, 1, 1, 2, 2, 1.375, 78
3, 1, 1, 2, 3, 1.671, 56
3, 1, 1, 2, 4, -14.053, 135
3, 1, 1, 3, 0, 0.087, 0
3, 1, 1, 3, 1, 0.470, 0
3, 1, 1, 3, 2, 0.109, 0
3, 1, 1, 3, 3, 0.460, 0
3, 1, 1, 3, 4, 0.006, 0
3, 1, 1, 4, 0, 0.841, 0
3, 1, 1, 4, 1, 0.983, 0
3, 1, 1, 4, 2, 0.444, 0
3, 1, 1, 4, 3, 0.416, 0
3, 1, 1, 4, 4, 0.384, 0
3, 1, 2, 0, 0, 3.440, 9
3, 1, 2, 0, 1, 3.316, 12
3, 1, 2, 0, 2, 3.528, 24
3, 1, 2, 0, 3, 4.896, 9
3, 1, 2, 0, 4, 3.012, 17
3, 1, 2, 1, 0, 3.606, 40
3, 1, 2, 1, 1, 5.336, 40
3, 1, 2, 1, 2, 5.740, 46
3, 1, 2, 1, 3, 9.250, 40
3, 1, 2, 1, 4, 6.207, 95
3, 1, 2, 2, 0, -5.293, 116
3, 1, 2, 2, 1, -2.635, 161
3, 1, 2, 2, 2, -7.299, 119
3, 1, 2, 2, 3, -3.960, 115
3, 1, 2, 2, 4, -8.677, 301
3, 1, 2, 3, 0, 0.339, 0
3, 1, 2, 3, 1, 0.760, 0
3, 1, 2, 3, 2, 0.259, 0
3, 1, 2, 3, 3, 0.806, 0
3, 1, 2, 3, 4, 0.244, 0
3, 1, 2, 4, 0, 0.105, 0
3, 1, 2, 4, 1, 0.670, 0
3, 1, 2, 4, 2, 0.156, 0
3, 1, 2, 4, 3, 0.729, 0
3, 1, 2, 4, 4, 0.697, 0
3, 1, 3, 0, 0, 4.220, 29
3, 1, 3, 0, 1, 4.483, 15
3, 1, 3, 0, 2, 4.180, 8
3, 1, 3, 0, 3, 2.602, 12
3, 1, 3, 0, 4, 3.306, 23
3, 1, 3, 1, 0, 5.500, 83
3, 1, 3, 1, 1, 4.288, 76
3, 1, 3, 1, 2, 4.572, 66
3, 1, 3, 1, 3, 4.496, 82
3, 1, 3, 1, 4, 3.799, 146
3, 1, 3, 2, 0, -6.381, 205
3, 1, 3, 2, 1, -10.132, 253
3, 1, 3, 2, 2, -6.164, 212
3, 1, 3, 2, 3, 1.009, 201
3, 1, 3, 2, 4, -4.377, 476
3, 1, 3, 3, 0, 0.770, 0
3, 1, 3, 3, 1, 0.914, 0
3, 1, 3, 3, 2, 0.432, 0
3, 1, 3, 3, 3, 0.866, 0
3, 1, 3, 3, 4, 0.767, 0
3, 1, 3, 4, 0, 0.501, 0
3, 1, 3, 4, 1, 0.924, 0
3, 1, 3, 4, 2, 0.932, 0
3, 1, 3, 4, 3, 0.393, 0
3, 1, 3, 4, 4, 0.862, 0
3, 1, 4, 0, 0, 1.815, 10
3, 1, 4, 0, 1, 1.978, 8
3, 1, 4, 0, 2, 1.258, 16
3, 1, 4, 0, 3, 2.531, 16
3, 1, 4, 0, 4, 2.753, 27
3, 1, 4, 1, 0, 2.641, 68
3, 1, 4, 1, 1, 0.247, 82
3, 1, 4, 1, 2, 2.819, 77
3, 1, 4, 1, 3, 2.610, 90
3, 1, 4, 1, 4, 1.417, 152
3, 1, 4, 2, 0, 2.797, 288
3, 1, 4, 2, 1, -4.947, 253
3, 1, 4, 2, 2, -2.598, 270
3, 1, 4, 2, 3, -3.705, 287
3, 1, 4, 2, 4, 0.637, 631
3, 1, 4, 3, 0, 0.207, 0
3, 1, 4, 3, 1, 0.075, 0
3, 1, 4, 3, 2, 0.254, 0
3, 1, 4, 3, 3, 0.206, 0
3, 1, 4, 3, 4, 0.311, 0
3, 1, 4, 4, 0, 0.940, 0
3, 1, 4, 4, 1, 0.776, 0
3, 1, 4, 4, 2, 0.633, 0
3, 1, 4, 4, 3, 0.230, 0
3, 1, 4, 4, 4, 0.460, 0
3, 2, 0, 0, 0, 0.164, 0
3, 2, 0, 0, 1, 0.857, 0
3, 2, 0, 0, 2, 0.808, 0
3, 2, 0, 0, 3, 0.357, 0
3, 2, 0, 0, 4, 0.811, 0
3, 2, 0, 1, 0, 0.195, 0
3, 2, 0, 1, 1, -0.272, 1
3, 2, 0, 1, 2, 0.230, 1
3, 2, 0, 1, 3, 0.271, 0
3, 2, 0, 1, 4, -1.361, 3
3, 2, 0, 2, 0, -5.347, 3
3, 2, 0, 2, 1, -6.184, 7
3, 2, 0, 2, 2, -6.741, 3
3, 2, 0, 2, 3, -4.751, 4
3, 2, 0, 2, 4, 0.093, 19
3, 2, 0, 3, 0, 0.759, 0
3, 2, 0, 3, 1, 0.933, 0
3, 2, 0, 3, 2, 0.042, 0
3, 2, 0, 3, 3, 0.183, 0
3, 2, 0, 3, 4, 0.059, 0
3, 2, 0, 4, 0, 0.328, 0
3, 2, 0, 4, 1, 0.682, 0
3, 2, 0, 4, 2, 0.997, 0
3, 2, 0, 4, 3, 0.891, 0
3, 2, 0, 4, 4, 0.891, 0
3, 2, 1, 0, 0, 0.180, 0
3, 2, 1, 0, 1, 0.644, 2
3, 2, 1, 0, 2, 0.754, 4
3, 2, 1, 0, 3, 0.325, 1
3, 2, 1, 0, 4, 0.443, 7
3, 2, 1, 1, 0, 0.416, 9
3, 2, 1, 1, 1, 0.901, 7
3, 2, 1, 1, 2, -0.553, 19
3, 2, 1, 1, 3, -5.990, 3
3, 2, 1, 1, 4, 0.812, 9
3, 2, 1, 2, 0, 4.462, 18
3, 2, 1, 2, 1, 7.830, 19
3, 2, 1, 2, 2, 6.622, 31
3, 2, 1, 2, 3, 4.293, 31
3, 2, 1, 2, 4, 9.256, 49
3, 2, 1, 3, 0, 0.558, 0
3, 2, 1, 3, 1, 0.766, 0
3, 2, 1, 3, 2, 0.828, 0
3, 2, 1, 3, 3, 0.955, 0
3, 2, 1, 3, 4, 0.850, 0
3, 2, 1, 4, 0, 0.589, 0
3, 2, 1, 4, 1, 0.004, 0
3, 2, 1, 4, 2, 0.132, 0
3, 2, 1, 4, 3, 0.461, 0
3, 2, 1, 4, 4, 0.779, 0
3, 2, 2, 0, 0, 0.356, 0
3, 2, 2, 0, 1, 0.375, 0
3, 2, 2, 0, 2, 0.036, 0
3, 2, 2, 0, 3, -5.098, 1
3, 2, 2, 0, 4, 0.497, 3
3, 2, 2, 1, 0, 4.781, 16
3, 2, 2, 1, 1, 1.006, 13
3, 2, 2, 1, 2, 2.311, 8
3, 2, 2, 1, 3, -0.537, 6
3, 2, 2, 1, 4, -1.477, 31
3, 2, 2, 2, 0, 1.648, 11
3, 2, 2, 2, 1, 8.360, 34
3, 2, 2, 2, 2, 3.964, 26
3, 2, 2, 2, 3, 4.346, 14
3, 2, 2, 2, 4, 4.584, 52
3, 2, 2, 3, 0, 0.162, 0
3, 2, 2, 3, 1, 0.395, 0
3, 2, 2, 3, 2, 0.608, 0
3, 2, 2, 3, 3, 0.768, 0
3, 2, 2, 3, 4, 0.346, 0
3, 2, 2, 4, 0, 0.491, 0
3, 2, 2, 4, 1, 0.060, 0
3, 2, 2, 4, 2, 0.649, 0
3, 2, 2, 4, 3, 0.144, 0
3, 2, 2, 4, 4, 0.303, 0
3, 2, 3, 0, 0, -3.715, 6
3, 2, 3, 0, 1, -4.414, 5
3, 2, 3, 0, 2, -3.892, 4
3, 2, 3, 0, 3, 1.425, 5
3, 2, 3, 0, 4, -3.633, 10
3, 2, 3, 1, 0, -1.640, 13
3, 2, 3, 1, 1, 4.636, 28
3, 2, 3, 1, 2, -0.065, 20
3, 2, 3, 1, 3, 1.086, 28
3, 2, 3, 1, 4, 2.285, 38
3, 2, 3, 2, 0, 0.660, 21
3, 2, 3, 2, 1, 1.106, 47
3, 2, 3, 2, 2, 3.122, 34
3, 2, 3, 2, 3, 2.475, 48
3, 2, 3, 2, 4, 1.993, 78
3, 2, 3, 3, 0, 0.611, 0
3, 2, 3, 3, 1, 0.980, 0
3, 2, 3, 3, 2, 0.808, 0
3, 2, 3, 3, 3, 0.435, 0
3, 2, 3, 3, 4, 0.633, 0
3, 2, 3, 4, 0, 0.311, 0
3, 2, 3, 4, 1, 0.173, 0
3, 2, 3, 4, 2, 0.983, 0
3, 2, 3, 4, 3, 0.653, 0
3, 2, 3, 4, 4, 0.657, 0
3, 2, 4, 0, 0, 2.086, 2
3, 2, 4, 0, 1, 2.376, 2
3, 2, 4, 0, 2, 3.018, 3
3, 2, 4, 0, 3, 1.171, 2
3, 2, 4, 0, 4, 1.216, 2
3, 2, 4, 1, 0, 1.675, 13
3, 2, 4, 1, 1, -1.551, 3
3, 2, 4, 1, 2, -0.614, 5
3, 2, 4, 1, 3, 0.461, 8
3, 2, 4, 1, 4, 3.048, 22
3, 2, 4, 2, 0, 1.130, 22
3, 2, 4, 2, 1, 1.745, 32
3, 2, 4, 2, 2, 0.405, 16
3, 2, 4, 2, 3, -0.726, 29
3, 2, 4, 2, 4, 1.119, 37
3, 2, 4, 3, 0, 0.027, 0
3, 2, 4, 3, 1, 0.648, 0
3, 2, 4, 3, 2, 0.089, 0
3, 2, 4, 3, 3, 0.405, 0
3, 2, 4, 3, 4, 0.293, 0
3, 2, 4, 4, 0, 0.999, 0
3, 2, 4, 4, 1, 0.769, 0
3, 2, 4, 4, 2, 0.860, 0
3, 2, 4, 4, 3, 0.560, 0
3, 2, 4, 4, 4, 0.412, 0
3, 3, 0, 0, 0, 0.520, 0
3, 3, 0, 0, 1, 0.706, 0
3, 3, 0, 0, 2, 0.831, 0
3, 3, 0, 0, 3, 0.010, 0
3, 3, 0, 0, 4, 0.248, 0
3, 3, 0, 1, 0, 0.096, 0
3, 3, 0, 1, 1, 0.563, 0
3, 3, 0, 1, 2, 0.239, 0
3, 3, 0, 1, 3, 0.855, 0
3, 3, 0, 1, 4, 0.872, 0
3, 3, 0, 2, 0, 0.553, 0
3, 3, 0, 2, 1, 0.408, 0
3, 3, 0, 2, 2, 0.334, 0
3, 3, 0, 2, 3, 0.421, 0
3, 3, 0, 2, 4, 0.422, 0
3, 3, 0, 3, 0, 0.700, 0
3, 3, 0, 3, 1, 0.844, 0
3, 3, 0, 3, 2, 0.043, 0
3, 3, 0, 3, 3, 0.946, 0
3, 3, 0, 3, 4, 0.265, 0
3, 3, 0, 4, 0, 0.658, 0
3, 3, 0, 4, 1, 0.075, 0
3, 3, 0, 4, 2, 0.206, 0
3, 3, 0, 4, 3, 0.983, 0
3, 3, 0, 4, 4, 0.638, 0
3, 3, 1, 0, 0, 0.619, 0
3, 3, 1, 0, 1, 0.613, 0
3, 3, 1, 0, 2, 0.068, 0
3, 3, 1, 0, 3, 0.487, 0
3, 3, 1, 0, 4, 0.436, 0
3, 3, 1, 1, 0, 0.170, 0
3, 3, 1, 1, 1, 0.677, 0
3, 3, 1, 1, 2, 0.337, 0
3, 3, 1, 1, 3, 0.210, 0
3, 3, 1, 1, 4, 0.945, 0
3, 3, 1, 2, 0, 0.303, 0
3, 3, 1, 2, 1, 0.387, 0
3, 3, 1, 2, 2, 0.154, 0
3, 3, 1, 2, 3, 0.637, 0
3, 3, 1, 2, 4, 0.869, 0
3, 3, 1, 3, 0, 0.198, 0
3, 3, 1, 3, 1, 0.672, 0
3, 3, 1, 3, 2, 0.268, 0
3, 3, 1, 3, 3, 0.036, 0
3, 3, 1, 3, 4, 0.941, 0
3, 3, 1, 4, 0, 0.581, 0
3, 3, 1, 4, 1, 0.512, 0
3, 3, 1, 4, 2, 0.480, 0
3, 3, 1, 4, 3, 0.362, 0
3, 3, 1, 4, 4, 0.223, 0
3, 3, 2, 0, 0, 0.875, 0
3, 3, 2, 0, 1, 0.559, 0
3, 3, 2, 0, 2, 0.497, 0
3, 3, 2, 0, 3, 0.643, 0
3, 3, 2, 0, 4, 0.996, 0
3, 3, 2, 1, 0, 0.050, 0
3, 3, 2, 1, 1, 0.172, 0
3, 3, 2, 1, 2, 0.902, 0
3, 3, 2, 1, 3, 0.603, 0
3, 3, 2, 1, 4, 0.421, 0
3, 3, 2, 2, 0, 0.160, 0
3, 3, 2, 2, 1, 0.507, 0
3, 3, 2, 2, 2, 0.255, 0
3, 3, 2, 2, 3, 0.395, 0
3, 3, 2, 2, 4, 0.457, 0
3, 3, 2, 3, 0, 0.868, 0
3, 3, 2, 3, 1, 0.862, 0
3, 3, 2, 3, 2, 0.393, 0
3, 3, 2, 3, 3, 0.506, 0
3, 3, 2, 3, 4, 0.704, 0
3, 3, 2, 4, 0, 0.102, 0
3, 3, 2, 4, 1, 0.844, 0
3, 3, 2, 4, 2, 0.364, 0
3, 3, 2, 4, 3, 0.299, 0
3, 3, 2, 4, 4, 0.289, 0
3, 3, 3, 0, 0, 0.204, 0
3, 3, 3, 0, 1, 0.744, 0
3, 3, 3, 0, 2, 0.557, 0
3, 3, 3, 0, 3, 0.962, 0
3, 3, 3, 0, 4, 0.992, 0
3, 3, 3, 1, 0, 0.586, 0
3, 3, 3, 1, 1, 0.892, 0
3, 3, 3, 1, 2, 0.412, 0
3, 3, 3, 1, 3, 0.104, 0
3, 3, 3, 1, 4, 0.294, 0
3, 3, 3, 2, 0, 0.062, 0
3, 3, 3, 2, 1, 0.671, 0
3, 3, 3, 2, 2, 0.146, 0
3, 3, 3, 2, 3, 0.095, 0
3, 3, 3, 2, 4, 0.219, 0
3, 3, 3, 3, 0, 0.016, 0
3, 3, 3, 3, 1, 0.570, 0
3, 3, 3, 3, 2, 1.000, 0
3, 3, 3, 3, 3, 0.593, 0
3, 3, 3, 3, 4, 0.869, 0
3, 3, 3, 4, 0, 0.936, 0
3, 3, 3, 4, 1, 0.713, 0
3, 3, 3, 4, 2, 0.434, 0
3, 3, 3, 4, 3, 0.091, 0
3, 3, 3, 4, 4, 0.727, 0
3, 3, 4, 0, 0, 0.463, 0
3, 3, 4, 0, 1, 0.060, 0
3, 3, 4, 0, 2, 0.052, 0
3, 3, 4, 0, 3, 0.748, 0
3, 3, 4, 0, 4, 0.126, 0
3, 3, 4, 1, 0, 0.108, 0
3, 3, 4, 1, 1, 0.545, 0
3, 3, 4, 1, 2, 0.293, 0
3, 3, 4, 1, 3, 0.204, 0
3, 3, 4, 1, 4, 0.406, 0
3, 3, 4, 2, 0, 0.546, 0
3, 3, 4, 2, 1, 0.949, 0
3, 3, 4, 2, 2, 0.194, 0
3, 3, 4, 2, 3, 0.164, 0
3, 3, 4, 2, 4, 0.080, 0
3, 3, 4, 3, 0, 0.119, 0
3, 3, 4, 3, 1, 0.634, 0
3, 3, 4, 3, 2, 0.561, 0
3, 3, 4, 3, 3, 0.950, 0
3, 3, 4, 3, 4, 0.075, 0
3, 3, 4, 4, 0, 0.640, 0
3, 3, 4, 4, 1, 0.195, 0
3, 3, 4, 4, 2, 0.894, 0
3, 3, 4, 4, 3, 0.646, 0
3, 3, 4, 4, 4, 0.060, 0
3, 4, 0, 0, 0, 0.239, 0
3, 4, 0, 0, 1, 0.823, 0
3, 4, 0, 0, 2, 0.437, 0
3, 4, 0, 0, 3, 0.483, 0
3, 4, 0, 0, 4, 0.651, 0
3, 4, 0, 1, 0, 0.119, 0
3, 4, 0, 1, 1, 0.825, 0
3, 4, 0, 1, 2, 0.186, 0
3, 4, 0, 1, 3, 0.204, 0
3, 4, 0, 1, 4, 0.666, 0
3, 4, 0, 2, 0, 0.827, 0
3, 4, 0, 2, 1, 0.796, 0
3, 4, 0, 2, 2, 0.656, 0
3, 4, 0, 2, 3, 0.156, 0
3, 4, 0, 2, 4, 0.350, 0
3, 4, 0, 3, 0, 0.845, 0
3, 4, 0, 3, 1, 0.892, 0
3, 4, 0, 3, 2, 0.462, 0
3, 4, 0, 3, 3, 0.272, 0
3, 4, 0, 3, 4, 0.652, 0
3, 4, 0, 4, 0, 0.457, 0
3, 4, 0, 4, 1, 0.317, 0
3, 4, 0, 4, 2, 0.231, 0
3, 4, 0, 4, 3, 0.932, 0
3, 4, 0, 4, 4, 0.499, 0
3, 4, 1, 0, 0, 0.334, 0
3, 4, 1, 0, 1, 0.028, 0
3, 4, 1, 0, 2, 0.345, 0
3, 4, 1, 0, 3, 0.759, 0
3, 4, 1, 0, 4, 0.435, 0
3, 4, 1, 1, 0, 0.059, 0
3, 4, 1, 1, 1, 0.747, 0
3, 4, 1, 1, 2, 0.939, 0
3, 4, 1, 1, 3, 0.086, 0
3, 4, 1, 1, 4, 0.241, 0
3, 4, 1, 2, 0, 0.235, 0
3, 4, 1, 2, 1, 0.449, 0
3, 4, 1, 2, 2, 0.350, 0
3, 4, 1, 2, 3, 0.503, 0
3, 4, 1, 2, 4, 0.245, 0
3, 4, 1, 3, 0, 0.276, 0
3, 4, 1, 3, 1, 0.667, 0
3, 4, 1, 3, 2, 0.994, 0
3, 4, 1, 3, 3, 0.820, 0
3, 4, 1, 3, 4, 0.469, 0
3, 4, 1, 4, 0, 0.427, 0
3, 4, 1, 4, 1, 0.874, 0
3, 4, 1, 4, 2, 0.893, 0
3, 4, 1, 4, 3, 0.531, 0
3, 4, 1, 4, 4, 0.860, 0
3, 4, 2, 0, 0, 0.650, 0
3, 4, 2, 0, 1, 0.879, 0
3, 4, 2, 0, 2, 0.830, 0
3, 4, 2, 0, 3, 0.533, 0
3, 4, 2, 0, 4, 0.810, 0
3, 4, 2, 1, 0, 0.120, 0
3, 4, 2, 1, 1, 0.978, 0
3, 4, 2, 1, 2, 0.699, 0
3, 4, 2, 1, 3, 0.704, 0
3, 4, 2, 1, 4, 0.781, 0
3, 4, 2, 2, 0, 0.037, 0
3, 4, 2, 2, 1, 0.111, 0
3, 4, 2, 2, 2, 0.403, 0
3, 4, 2, 2, 3, 0.575, 0
3, 4, 2, 2, 4, 0.308, 0
3, 4, 2, 3, 0, 0.431, 0
3, 4, 2, 3, 1, 0.586, 0
3, 4, 2, 3, 2, 0.317, 0
3, 4, 2, 3, 3, 0.405, 0
3, 4, 2, 3, 4, 0.276, 0
3, 4, 2, 4, 0, 0.336, 0
3, 4, 2, 4, 1, 0.675, 0
3, 4, 2, 4, 2, 0.304, 0
3, 4, 2, 4, 3, 0.039, 0
3, 4, 2, 4, 4, 0.083, 0
3, 4, 3, 0, 0, 0.637, 0
3, 4, 3, 0, 1, 0.055, 0
3, 4, 3, 0, 2, 0.088, 0
3, 4, 3, 0, 3, 0.845, 0
3, 4, 3, 0, 4, 0.156, 0
3, 4, 3, 1, 0, 0.893, 0
3, 4, 3, 1, 1, 0.615, 0
3, 4, 3, 1, 2, 0.351, 0
3, 4, 3, 1, 3, 0.159, 0
3, 4, 3, 1, 4, 0.555, 0
3, 4, 3, 2, 0, 0.414, 0
3, 4, 3, 2, 1, 0.570, 0
3, 4, 3, 2, 2, 0.601, 0
3, 4, 3, 2, 3, 0.701, 0
3, 4, 3, 2, 4, 0.125, 0
3, 4, 3, 3, 0, 0.693, 0
3, 4, 3, 3, 1, 0.528, 0
3, 4, 3, 3, 2, 0.489, 0
3, 4, 3, 3, 3, 0.035, 0
3, 4, 3, 3, 4, 0.616, 0
3, 4, 3, 4, 0, 0.178, 0
3, 4, 3, 4, 1, 0.504, 0
3, 4, 3, 4, 2, 0.341, 0
3, 4, 3, 4, 3, 0.541, 0
3, 4, 3, 4, 4, 0.993, 0
3, 4, 4, 0, 0, 0.445, 0
3, 4, 4, 0, 1, 0.916, 0
3, 4, 4, 0, 2, 0.387, 0
3, 4, 4, 0, 3, 0.046, 0
3, 4, 4, 0, 4, 0.196, 0
3, 4, 4, 1, 0, 0.983, 0
3, 4, 4, 1, 1, 0.343, 0
3, 4, 4, 1, 2, 0.778, 0
3, 4, 4, 1, 3, 0.177, 0
3, 4, 4, 1, 4, 0.792, 0
3, 4, 4, 2, 0, 0.009, 0
3, 4, 4, 2, 1, 0.158, 0
3, 4, 4, 2, 2, 0.145, 0
3, 4, 4, 2, 3, 0.351, 0
3, 4, 4, 2, 4, 0.293, 0
3, 4, 4, 3, 0, 0.311, 0
3, 4, 4, 3, 1, 0.948, 0
3, 4, 4, 3, 2, 0.479, 0
3, 4, 4, 3, 3, 0.412, 0
3, 4, 4, 3, 4, 0.443, 0
3, 4, 4, 4, 0, 0.085, 0
3, 4, 4, 4, 1, 0.987, 0
3, 4, 4, 4, 2, 0.095, 0
3, 4, 4, 4, 3, 0.406, 0
3, 4, 4, 4, 4, 0.306, 0
4, 0, 0, 0, 0, 0.581, 0
4, 0, 0, 0, 1, 0.385, 0
4, 0, 0, 0, 2, 0.569, 0
4, 0, 0, 0, 3, 0.904, 0
4, 0, 0, 0, 4, 0.150, 0
4, 0, 0, 1, 0, 0.196, 0
4, 0, 0, 1, 1, 0.739, 0
4, 0, 0, 1, 2, 0.796, 0
4, 0, 0, 1, 3, 0.491, 0
4, 0, 0, 1, 4, 0.169, 0
4, 0, 0, 2, 0, 0.782, 0
4, 0, 0, 2, 1, 0.967, 0
4, 0, 0, 2, 2, 0.131, 0
4, 0, 0, 2, 3, 0.194, 0
4, 0, 0, 2, 4, 0.218, 0
4, 0, 0, 3, 0, 0.363, 0
4, 0, 0, 3, 1, 0.851, 0
4, 0, 0, 3, 2, 0.407, 0
4, 0, 0, 3, 3, 0.525, 0
4, 0, 0, 3, 4, 0.851, 0
4, 0, 0, 4, 0, 0.714, 0
4, 0, 0, 4, 1, 0.351, 0
4, 0, 0, 4, 2, 0.100, 0
4, 0, 0, 4, 3, 0.450, 0
4, 0, 0, 4, 4, 0.883, 0
4, 0, 1, 0, 0, 0.516, 0
4, 0, 1, 0, 1, 0.114, 1
4, 0, 1, 0, 2, 1.683, 1
4, 0, 1, 0, 3, 0.008, 2
4, 0, 1, 0, 4, 8.614, 4
4, 0, 1, 1, 0, 7.865, 6
4, 0, 1, 1, 1, 4.013, 1
4, 0, 1, 1, 2, 8.013, 5
4, 0, 1, 1, 3, 12.876, 7
4, 0, 1, 1, 4, 8.065, 10
4, 0, 1, 2, 0, 4.422, 1
4, 0, 1, 2, 1, 0.447, 0
4, 0, 1, 2, 2, -2.258, 1
4, 0, 1, 2, 3, 0.777, 0
4, 0, 1, 2, 4, 2.306, 6
4, 0, 1, 3, 0, 0.356, 0
4, 0, 1, 3, 1, 0.867, 0
4, 0, 1, 3, 2, 0.738, 0
4, 0, 1, 3, 3, 0.233, 0
4, 0, 1, 3, 4, 0.011, 0
4, 0, 1, 4, 0, 0.229, 0
4, 0, 1, 4, 1, 0.981, 0
4, 0, 1, 4, 2, 0.677, 0
4, 0, 1, 4, 3, 0.236, 0
4, 0, 1, 4, 4, 0.160, 0
4, 0, 2, 0, 0, 2.459, 2
4, 0, 2, 0, 1, 0.021, 0
4, 0, 2, 0, 2, 2.468, 1
4, 0, 2, 0, 3, 1.705, 1
4, 0, 2, 0, 4, 9.053, 6
4, 0, 2, 1, 0, 6.381, 11
4, 0, 2, 1, 1, 4.631, 5
4, 0, 2, 1, 2, 5.533, 5
4, 0, 2, 1, 3, 4.236, 5
4, 0, 2, 1, 4, 5.082, 23
4, 0, 2, 2, 0, -0.786, 7
4, 0, 2, 2, 1, 6.746, 14
4, 0, 2, 2, 2, 0.713, 15
4, 0, 2, 2, 3, 1.739, 10
4, 0, 2, 2, 4, 3.039, 29
4, 0, 2, 3, 0, 0.273, 0
4, 0, 2, 3, 1, 0.949, 0
4, 0, 2, 3, 2, 0.689, 0
4, 0, 2, 3, 3, 0.729, 0
4, 0, 2, 3, 4, 0.958, 0
4, 0, 2, 4, 0, 0.869, 0
4, 0, 2, 4, 1, 0.336, 0
4, 0, 2, 4, 2, 0.182, 0
4, 0, 2, 4, 3, 0.811, 0
4, 0, 2, 4, 4, 0.016, 0
4, 0, 3, 0, 0, 4.180, 1
4, 0, 3, 0, 1, 4.520, 3
4, 0, 3, 0, 2, 5.202, 11
4, 0, 3, 0, 3, 5.526, 3
4, 0, 3, 0, 4, 5.033, 13
4, 0, 3, 1, 0, 3.313, 16
4, 0, 3, 1, 1, 7.741, 34
4, 0, 3, 1, 2, 3.830, 20
4, 0, 3, 1, 3, 4.369, 14
4, 0, 3, 1, 4, 3.965, 67
4, 0, 3, 2, 0, 6.941, 18
4, 0, 3, 2, 1, 6.086, 24
4, 0, 3, 2, 2, 1.814, 24
4, 0, 3, 2, 3, 3.486, 24
4, 0, 3, 2, 4, 5.437, 81
4, 0, 3, 3, 0, 0.884, 0
4, 0, 3, 3, 1, 0.379, 0
4, 0, 3, 3, 2, 0.185, 0
4, 0, 3, 3, 3, 0.630, 0
4, 0, 3, 3, 4, 0.354, 0
4, 0, 3, 4, 0, 0.997, 0
4, 0, 3, 4, 1, 0.578, 0
4, 0, 3, 4, 2, 0.679, 0
4, 0, 3, 4, 3, 0.679, 0
4, 0, 3, 4, 4, 0.465, 0
4, 0, 4, 0, 0, 2.219, 23
4, 0, 4, 0, 1, 2.901, 29
4, 0, 4, 0, 2, 2.370, 20
4, 0, 4, 0, 3, 2.053, 17
4, 0, 4, 0, 4, 2.591, 70
4, 0, 4, 1, 0, 1.752, 119
4, 0, 4, 1, 1, 2.645, 122
4, 0, 4, 1, 2, 2.968, 122
4, 0, 4, 1, 3, 3.346, 117
4, 0, 4, 1, 4, 2.763, 281
4, 0, 4, 2, 0, 2.474, 140
4, 0, 4, 2, 1, 0.199, 116
4, 0, 4, 2, 2, 1.276, 127
4, 0, 4, 2, 3, 1.582, 142
4, 0, 4, 2, 4, 1.938, 323
4, 0, 4, 3, 0, 0.051, 0
4, 0, 4, 3, 1, 0.158, 0
4, 0, 4, 3, 2, 0.938, 0
4, 0, 4, 3, 3, 0.875, 0
4, 0, 4, 3, 4, 0.532, 0
4, 0, 4, 4, 0, 0.195, 0
4, 0, 4, 4, 1, 0.439, 0
4, 0, 4, 4, 2, 0.993, 0
4, 0, 4, 4, 3, 0.690, 0
4, 0, 4, 4, 4, 0.475, 0
4, 1, 0, 0, 0, 5.264, 2
4, 1, 0, 0, 1, 5.327, 5
4, 1, 0, 0, 2, 2.377, 2
4, 1, 0, 0, 3, 2.502, 1
4, 1, 0, 0, 4, 8.615, 7
4, 1, 0, 1, 0, 7.200, 9
4, 1, 0, 1, 1, 6.541, 7
4, 1, 0, 1, 2, 7.636, 6
4, 1, 0, 1, 3, 7.704, 13
4, 1, 0, 1, 4, 7.427, 15
4, 1, 0, 2, 0, 8.794, 21
4, 1, 0, 2, 1, 8.491, 13
4, 1, 0, 2, 2, 5.097, 10
4, 1, 0, 2, 3, 7.117, 8
4, 1, 0, 2, 4, 6.181, 18
4, 1, 0, 3, 0, 0.409, 0
4, 1, 0, 3, 1, 0.925, 0
4, 1, 0, 3, 2, 0.824, 0
4, 1, 0, 3, 3, 0.142, 0
4, 1, 0, 3, 4, 0.756, 0
4, 1, 0, 4, 0, 0.378, 0
4, 1, 0, 4, 1, 0.173, 0
4, 1, 0, 4, 2, 0.085, 0
4, 1, 0, 4, 3, 0.582, 0
4, 1, 0, 4, 4, 0.362, 0
4, 1, 1, 0, 0, 13.583, 29
4, 1, 1, 0, 1, 12.475, 18
4, 1, 1, 0, 2, 13.078, 27
4, 1, 1, 0, 3, 11.736, 17
4, 1, 1, 0, 4, 14.285, 93
4, 1, 1, 1, 0, 13.556, 130
4, 1, 1, 1, 1, 13.451, 172
4, 1, 1, 1, 2, 13.964, 144
4, 1, 1, 1, 3, 13.218, 144
4, 1, 1, 1, 4, 13.526, 336
4, 1, 1, 2, 0, 12.474, 227
4, 1, 1, 2, 1, 10.299, 242
4, 1, 1, 2, 2, 13.038, 241
4, 1, 1, 2, 3, 3.312, 228
4, 1, 1, 2, 4, 11.482, 500
4, 1, 1, 3, 0, 0.883, 0
4, 1, 1, 3, 1, 0.760, 0
4, 1, 1, 3, 2, 0.134, 0
4, 1, 1, 3, 3, 0.666, 0
4, 1, 1, 3, 4, 0.401, 0
4, 1, 1, 4, 0, 0.783, 0
4, 1, 1, 4, 1, 0.606, 0
4, 1, 1, 4, 2, 0.520, 0
4, 1, 1, 4, 3, 0.052, 0
4, 1, 1, 4, 4, 0.166, 0
4, 1, 2, 0, 0, 12.334, 26
4, 1, 2, 0, 1, 10.301, 53
4, 1, 2, 0, 2, 10.283, 15
4, 1, 2, 0, 3, 11.046, 37
4, 1, 2, 0, 4, 10.871, 96
4, 1, 2, 1, 0, 12.542, 178
4, 1, 2, 1, 1, 10.644, 204
4, 1, 2, 1, 2, 10.895, 182
4, 1, 2, 1, 3, 11.437, 190
4, 1, 2, 1, 4, 10.510, 442
4, 1, 2, 2, 0, 9.920, 281
4, 1, 2, 2, 1, 12.380, 411
4, 1, 2, 2, 2, 4.595, 314
4, 1, 2, 2, 3, 7.244, 379
4, 1, 2, 2, 4, 8.312, 691
4, 1, 2, 3, 0, 0.059, 0
4, 1, 2, 3, 1, 0.476, 0
4, 1, 2, 3, 2, 0.946, 0
4, 1, 2, 3, 3, 0.651, 0
4, 1, 2, 3, 4, 0.384, 0
4, 1, 2, 4, 0, 0.997, 0
4, 1, 2, 4, 1, 0.578, 0
4, 1, 2, 4, 2, 0.577, 0
4, 1, 2, 4, 3, 0.114, 0
4, 1, 2, 4, 4, 0.326, 0
4, 1, 3, 0, 0, 7.200, 66
4, 1, 3, 0, 1, 7.952, 66
4, 1, 3, 0, 2, 7.808, 55
4, 1, 3, 0, 3, 8.481, 62
4, 1, 3, 0, 4, 7.747, 138
4, 1, 3, 1, 0, 8.998, 324
4, 1, 3, 1, 1, 9.040, 389
4, 1, 3, 1, 2, 7.957, 283
4, 1, 3, 1, 3, 5.857, 302
4, 1, 3, 1, 4, 6.324, 667
4, 1, 3, 2, 0, 6.187, 518
4, 1, 3, 2, 1, 0.093, 603
4, 1, 3, 2, 2, 6.671, 541
4, 1, 3, 2, 3, 8.865, 562
4, 1, 3, 2, 4, 6.462, 1315
4, 1, 3, 3, 0, 0.440, 0
4, 1, 3, 3, 1, 0.146, 0
4, 1, 3, 3, 2, 0.691, 0
4, 1, 3, 3, 3, 0.244, 0
4, 1, 3, 3, 4, 0.930, 0
4, 1, 3, 4, 0, 0.738, 0
4, 1, 3, 4, 1, 0.899, 0
4, 1, 3, 4, 2, 0.031, 0
4, 1, 3, 4, 3, 0.091, 0
4, 1, 3, 4, 4, 0.502, 0
4, 1, 4, 0, 0, 2.955, 138
4, 1, 4, 0, 1, 2.854, 151
4, 1, 4, 0, 2, 2.603, 126
4, 1, 4, 0, 3, 2.751, 177
4, 1, 4, 0, 4, 3.153, 328
4, 1, 4, 1, 0, 2.564, 771
4, 1, 4, 1, 1, 2.349, 887
4, 1, 4, 1, 2, 2.273, 931
4, 1, 4, 1, 3, 2.476, 789
4, 1, 4, 1, 4, 1.838, 1850
4, 1, 4, 2, 0, 1.278, 1212
4, 1, 4, 2, 1, -0.900, 1498
4, 1, 4, 2, 2, 0.588, 1239
4, 1, 4, 2, 3, 1.162, 1206
4, 1, 4, 2, 4, 1.418, 2884
4, 1, 4, 3, 0, 0.221, 0
4, 1, 4, 3, 1, 0.514, 0
4, 1, 4, 3, 2, 0.326, 0
4, 1, 4, 3, 3, 0.918, 0
4, 1, 4, 3, 4, 0.942, 0
4, 1, 4, 4, 0, 0.733, 0
4, 1, 4, 4, 1, 0.497, 0
4, 1, 4, 4, 2, 0.542, 0
4, 1, 4, 4, 3, 0.599, 0
4, 1, 4, 4, 4, 0.766, 0
4, 2, 0, 0, 0, 2.960, 1
4, 2, 0, 0, 1, 0.540, 0
4, 2, 0, 0, 2, 0.609, 0
4, 2, 0, 0, 3, 0.379, 0
4, 2, 0, 0, 4, 0.048, 0
4, 2, 0, 1, 0, 2.673, 1
4, 2, 0, 1, 1, 2.551, 2
4, 2, 0, 1, 2, 1.375, 3
4, 2, 0, 1, 3, 2.551, 4
4, 2, 0, 1, 4, 4.941, 7
4, 2, 0, 2, 0, 0.097, 1
4, 2, 0, 2, 1, 8.710, 6
4, 2, 0, 2, 2, 0.700, 0
4, 2, 0, 2, 3, 10.351, 5
4, 2, 0, 2, 4, 12.054, 14
4, 2, 0, 3, 0, 0.832, 0
4, 2, 0, 3, 1, 0.995, 0
4, 2, 0, 3, 2, 0.151, 0
4, 2, 0, 3, 3, 0.938, 0
4, 2, 0, 3, 4, 0.563, 0
4, 2, 0, 4, 0, 0.815, 0
4, 2, 0, 4, 1, 0.248, 0
4, 2, 0, 4, 2, 0.258, 0
4, 2, 0, 4, 3, 0.557, 0
4, 2, 0, 4, 4, 0.871, 0
4, 2, 1, 0, 0, 12.258, 6
4, 2, 1, 0, 1, 13.183, 14
4, 2, 1, 0, 2, 13.814, 14
4, 2, 1, 0, 3, 10.914, 11
4, 2, 1, 0, 4, 13.956, 25
4, 2, 1, 1, 0, 13.003, 58
4, 2, 1, 1, 1, 12.950, 84
4, 2, 1, 1, 2, 13.075, 60
4, 2, 1, 1, 3, 12.749, 73
4, 2, 1, 1, 4, 12.985, 154
4, 2, 1, 2, 0, 11.263, 114
4, 2, 1, 2, 1, 10.896, 157
4, 2, 1, 2, 2, 9.903, 126
4, 2, 1, 2, 3, 12.200, 130
4, 2, 1, 2, 4, 10.260, 223
4, 2, 1, 3, 0, 0.136, 0
4, 2, 1, 3, 1, 0.694, 0
4, 2, 1, 3, 2, 0.608, 0
4, 2, 1, 3, 3, 0.357, 0
4, 2, 1, 3, 4, 0.171, 0
4, 2, 1, 4, 0, 0.245, 0
4, 2, 1, 4, 1, 0.936, 0
4, 2, 1, 4, 2, 0.790, 0
4, 2, 1, 4, 3, 0.268, 0
4, 2, 1, 4, 4, 0.295, 0
4, 2, 2, 0, 0, 5.026, 2
4, 2, 2, 0, 1, 9.315, 10
4, 2, 2, 0, 2, 9.506, 16
4, 2, 2, 0, 3, 8.837, 10
4, 2, 2, 0, 4, 10.615, 37
4, 2, 2, 1, 0, 11.855, 94
4, 2, 2, 1, 1, 11.247, 78
4, 2, 2, 1, 2, 11.840, 76
4, 2, 2, 1, 3, 10.106, 103
4, 2, 2, 1, 4, 10.993, 196
4, 2, 2, 2, 0, 9.657, 113
4, 2, 2, 2, 1, 6.074, 162
4, 2, 2, 2, 2, 9.204, 109
4, 2, 2, 2, 3, 10.974, 134
4, 2, 2, 2, 4, 11.305, 302
4, 2, 2, 3, 0, 0.690, 0
4, 2, 2, 3, 1, 0.906, 0
4, 2, 2, 3, 2, 0.334, 0
4, 2, 2, 3, 3, 0.274, 0
4, 2, 2, 3, 4, 0.402, 0
4, 2, 2, 4, 0, 0.493, 0
4, 2, 2, 4, 1, 0.022, 0
4, 2, 2, 4, 2, 0.638, 0
4, 2, 2, 4, 3, 0.084, 0
4, 2, 2, 4, 4, 0.332, 0
4, 2, 3, 0, 0, 7.957, 14
4, 2, 3, 0, 1, 7.455, 22
4, 2, 3, 0, 2, 6.840, 24
4, 2, 3, 0, 3, 8.106, 30
4, 2, 3, 0, 4, 6.443, 47
4, 2, 3, 1, 0, 9.405, 136
4, 2, 3, 1, 1, 9.471, 166
4, 2, 3, 1, 2, 8.579, 127
4, 2, 3, 1, 3, 8.326, 167
4, 2, 3, 1, 4, 9.600, 348
4, 2, 3, 2, 0, 7.607, 230
4, 2, 3, 2, 1, 5.045, 277
4, 2, 3, 2, 2, 7.192, 188
4, 2, 3, 2, 3, 6.413, 215
4, 2, 3, 2, 4, 5.684, 573
4, 2, 3, 3, 0, 0.787, 0
4, 2, 3, 3, 1, 0.381, 0
4, 2, 3, 3, 2, 0.085, 0
4, 2, 3, 3, 3, 0.436, 0
4, 2, 3, 3, 4, 0.465, 0
4, 2, 3, 4, 0, 0.186, 0
4, 2, 3, 4, 1, 0.126, 0
4, 2, 3, 4, 2, 0.883, 0
4, 2, 3, 4, 3, 0.281, 0
4, 2, 3, 4, 4, 0.028, 0
4, 2, 4, 0, 0, 2.598, 71
4, 2, 4, 0, 1, 2.828, 100
4, 2, 4, 0, 2, 2.829, 61
4, 2, 4, 0, 3, 2.478, 54
4, 2, 4, 0, 4, 2.735, 168
4, 2, 4, 1, 0, 2.473, 478
4, 2, 4, 1, 1, 2.809, 518
4, 2, 4, 1, 2, 2.008, 448
4, 2, 4, 1, 3, 2.178, 492
4, 2, 4, 1, 4, 2.124, 1173
4, 2, 4, 2, 0, 2.189, 937
4, 2, 4, 2, 1, 2.380, 1197
4, 2, 4, 2, 2, 2.287, 939
4, 2, 4, 2, 3, 2.269, 960
4, 2, 4, 2, 4, 2.161, 2363
4, 2, 4, 3, 0, 0.988, 0
4, 2, 4, 3, 1, 0.419, 0
4, 2, 4, 3, 2, 0.097, 0
4, 2, 4, 3, 3, 0.370, 0
4, 2, 4, 3, 4, 0.700, 0
4, 2, 4, 4, 0, 0.908, 0
4, 2, 4, 4, 1, 0.423, 0
4, 2, 4, 4, 2, 0.971, 0
4, 2, 4, 4, 3, 0.304, 0
4, 2, 4, 4, 4, 0.601, 0
4, 3, 0, 0, 0, 0.520, 0
4, 3, 0, 0, 1, 0.638, 0
4, 3, 0, 0, 2, 0.258, 0
4, 3, 0, 0, 3, 0.288, 0
4, 3, 0, 0, 4, 0.743, 0
4, 3, 0, 1, 0, 0.445, 0
4, 3, 0, 1, 1, 0.470, 0
4, 3, 0, 1, 2, 0.596, 0
4, 3, 0, 1, 3, 0.542, 0
4, 3, 0, 1, 4, 0.292, 0
4, 3, 0, 2, 0, 0.591, 0
4, 3, 0, 2, 1, 0.665, 0
4, 3, 0, 2, 2, 0.322, 0
4, 3, 0, 2, 3, 0.071, 0
4, 3, 0, 2, 4, 0.802, 0
4, 3, 0, 3, 0, 0.532, 0
4, 3, 0, 3, 1, 0.345, 0
4, 3, 0, 3, 2, 0.323, 0
4, 3, 0, 3, 3, 0.426, 0
4, 3, 0, 3, 4, 0.433, 0
4, 3, 0, 4, 0, 0.597, 0
4, 3, 0, 4, 1, 0.137, 0
4, 3, 0, 4, 2, 0.614, 0
4, 3, 0, 4, 3, 0.897, 0
4, 3, 0, 4, 4, 0.035, 0
4, 3, 1, 0, 0, 0.008, 0
4, 3, 1, 0, 1, 0.733, 0
4, 3, 1, 0, 2, 0.984, 0
4, 3, 1, 0, 3, 0.195, 0
4, 3, 1, 0, 4, 0.529, 0
4, 3, 1, 1, 0, 0.007, 0
4, 3, 1, 1, 1, 0.170, 0
4, 3, 1, 1, 2, 0.690, 0
4, 3, 1, 1, 3, 0.307, 0
4, 3, 1, 1, 4, 0.461, 0
4, 3, 1, 2, 0, 0.454, 0
4, 3, 1, 2, 1, 0.744, 0
4, 3, 1, 2, 2, 0.259, 0
4, 3, 1, 2, 3, 0.143, 0
4, 3, 1, 2, 4, 0.988, 0
4, 3, 1, 3, 0, 0.539, 0
4, 3, 1, 3, 1, 0.468, 0
4, 3, 1, 3, 2, 0.212, 0
4, 3, 1, 3, 3, 0.137, 0
4, 3, 1, 3, 4, 0.804, 0
4, 3, 1, 4, 0, 0.139, 0
4, 3, 1, 4, 1, 0.449, 0
4, 3, 1, 4, 2, 0.183, 0
4, 3, 1, 4, 3, 0.794, 0
4, 3, 1, 4, 4, 0.776, 0
4, 3, 2, 0, 0, 0.400, 0
4, 3, 2, 0, 1, 0.048, 0
4, 3, 2, 0, 2, 0.522, 0
4, 3, 2, 0, 3, 0.627, 0
4, 3, 2, 0, 4, 0.441, 0
4, 3, 2, 1, 0, 0.292, 0
4, 3, 2, 1, 1, 0.857, 0
4, 3, 2, 1, 2, 0.573, 0
4, 3, 2, 1, 3, 0.722, 0
4, 3, 2, 1, 4, 0.346, 0
4, 3, 2, 2, 0, 0.911, 0
4, 3, 2, 2, 1, 0.138, 0
4, 3, 2, 2, 2, 0.111, 0
4, 3, 2, 2, 3, 0.395, 0
4, 3, 2, 2, 4, 0.943, 0
4, 3, 2, 3, 0, 0.987, 0
4, 3, 2, 3, 1, 0.004, 0
4, 3, 2, 3, 2, 0.603, 0
4, 3, 2, 3, 3, 0.868, 0
4, 3, 2, 3, 4, 0.344, 0
4, 3, 2, 4, 0, 0.059, 0
4, 3, 2, 4, 1, 0.364, 0
4, 3, 2, 4, 2, 0.343, 0
4, 3, 2, 4, 3, 0.009, 0
4, 3, 2, 4, 4, 0.741, 0
4, 3, 3, 0, 0, 0.127, 0
4, 3, 3, 0, 1, 0.313, 0
4, 3, 3, 0, 2, 0.267, 0
4, 3, 3, 0, 3, 0.829, 0
4, 3, 3, 0, 4, 0.883, 0
4, 3, 3, 1, 0, 0.849, 0
4, 3, 3, 1, 1, 0.845, 0
4, 3, 3, 1, 2, 0.892, 0
4, 3, 3, 1, 3, 0.827, 0
4, 3, 3, 1, 4, 0.086, 0
4, 3, 3, 2, 0, 0.175, 0
4, 3, 3, 2, 1, 0.119, 0
4, 3, 3, 2, 2, 0.832, 0
4, 3, 3, 2, 3, 0.086, 0
4, 3, 3, 2, 4, 0.695, 0
4, 3, 3, 3, 0, 0.750, 0
4, 3, 3, 3, 1, 0.328, 0
4, 3, 3, 3, 2, 0.468, 0
4, 3, 3, 3, 3, 0.588, 0
4, 3, 3, 3, 4, 0.833, 0
4, 3, 3, 4, 0, 0.886, 0
4, 3, 3, 4, 1, 0.757, 0
4, 3, 3, 4, 2, 0.362, 0
4, 3, 3, 4, 3, 0.958, 0
4, 3, 3, 4, 4, 0.322, 0
4, 3, 4, 0, 0, 0.463, 0
4, 3, 4, 0, 1, 0.923, 0
4, 3, 4, 0, 2, 0.133, 0
4, 3, 4, 0, 3, 0.412, 0
4, 3, 4, 0, 4, 0.062, 0
4, 3, 4, 1, 0, 2.967, 12
4, 3, 4, 1, 1, 2.512, 23
4, 3, 4, 1, 2, 3.145, 10
4, 3, 4, 1, 3, 1.545, 5
4, 3, 4, 1, 4, 2.411, 37
4, 3, 4, 2, 0, 1.648, 100
4, 3, 4, 2, 1, 0.661, 105
4, 3, 4, 2, 2, 1.277, 137
4, 3, 4, 2, 3, -0.138, 125
4, 3, 4, 2, 4, 1.152, 359
4, 3, 4, 3, 0, 0.594, 0
4, 3, 4, 3, 1, 0.225, 0
4, 3, 4, 3, 2, 0.318, 0
4, 3, 4, 3, 3, 0.731, 0
4, 3, 4, 3, 4, 0.477, 0
4, 3, 4, 4, 0, 0.763, 0
4, 3, 4, 4, 1, 0.814, 0
4, 3, 4, 4, 2, 0.179, 0
4, 3, 4, 4, 3, 0.122, 0
4, 3, 4, 4, 4, 0.127, 0
4, 4, 0, 0, 0, 0.813, 0
4, 4, 0, 0, 1, 0.050, 0
4, 4, 0, 0, 2, 0.424, 0
4, 4, 0, 0, 3, 0.921, 0
4, 4, 0, 0, 4, 0.839, 0
4, 4, 0, 1, 0, 0.092, 0
4, 4, 0, 1, 1, 0.005, 0
4, 4, 0, 1, 2, 0.356, 0
4, 4, 0, 1, 3, 0.900, 0
4, 4, 0, 1, 4, 0.805, 0
4, 4, 0, 2, 0, 0.702, 0
4, 4, 0, 2, 1, 0.797, 0
4, 4, 0, 2, 2, 0.168, 0
4, 4, 0, 2, 3, 0.975, 0
4, 4, 0, 2, 4, 0.093, 0
4, 4, 0, 3, 0, 0.878, 0
4, 4, 0, 3, 1, 0.326, 0
4, 4, 0, 3, 2, 0.920, 0
4, 4, 0, 3, 3, 0.917, 0
4, 4, 0, 3, 4, 0.403, 0
4, 4, 0, 4, 0, 0.766, 0
4, 4, 0, 4, 1, 0.094, 0
4, 4, 0, 4, 2, 0.172, 0
4, 4, 0, 4, 3, 0.749, 0
4, 4, 0, 4, 4, 0.415, 0
4, 4, 1, 0, 0, 0.548, 0
4, 4, 1, 0, 1, 0.273, 0
4, 4, 1, 0, 2, 0.963, 0
4, 4, 1, 0, 3, 0.926, 0
4, 4, 1, 0, 4, 0.183, 0
4, 4, 1, 1, 0, 0.158, 0
4, 4, 1, 1, 1, 0.314, 0
4, 4, 1, 1, 2, 0.157, 0
4, 4, 1, 1, 3, 0.616, 0
4, 4, 1, 1, 4, 0.382, 0
4, 4, 1, 2, 0, 0.611, 0
4, 4, 1, 2, 1, 0.352, 0
4, 4, 1, 2, 2, 0.975, 0
4, 4, 1, 2, 3, 0.297, 0
4, 4, 1, 2, 4, 0.214, 0
4, 4, 1, 3, 0, 0.204, 0
4, 4, 1, 3, 1, 0.923, 0
4, 4, 1, 3, 2, 0.159, 0
4, 4, 1, 3, 3, 0.289, 0
4, 4, 1, 3, 4, 0.024, 0
4, 4, 1, 4, 0, 0.723, 0
4, 4, 1, 4, 1, 0.592, 0
4, 4, 1, 4, 2, 0.545, 0
4, 4, 1, 4, 3, 0.578, 0
4, 4, 1, 4, 4, 0.230, 0
4, 4, 2, 0, 0, 0.161, 0
4, 4, 2, 0, 1, 0.339, 0
4, 4, 2, 0, 2, 0.751, 0
4, 4, 2, 0, 3, 0.276, 0
4, 4, 2, 0, 4, 0.951, 0
4, 4, 2, 1, 0, 0.831, 0
4, 4, 2, 1, 1, 0.108, 0
4, 4, 2, 1, 2, 0.025, 0
4, 4, 2, 1, 3, 0.956, 0
4, 4, 2, 1, 4, 0.560, 0
4, 4, 2, 2, 0, 0.572, 0
4, 4, 2, 2, 1, 0.532, 0
4, 4, 2, 2, 2, 0.746, 0
4, 4, 2, 2, 3, 0.663, 0
4, 4, 2, 2, 4, 0.903, 0
4, 4, 2, 3, 0, 0.923, 0
4, 4, 2, 3, 1, 0.383, 0
4, 4, 2, 3, 2, 0.724, 0
4, 4, 2, 3, 3, 0.420, 0
4, 4, 2, 3, 4, 0.317, 0
4, 4, 2, 4, 0, 0.789, 0
4, 4, 2, 4, 1, 0.151, 0
4, 4, 2, 4, 2, 0.370, 0
4, 4, 2, 4, 3, 0.865, 0
4, 4, 2, 4, 4, 0.791, 0
4, 4, 3, 0, 0, 0.802, 0
4, 4, 3, 0, 1, 0.707, 0
4, 4, 3, 0, 2, 0.032, 0
4, 4, 3, 0, 3, 0.922, 0
4, 4, 3, 0, 4, 0.556, 0
4, 4, 3, 1, 0, 0.584, 0
4, 4, 3, 1, 1, 0.593, 0
4, 4, 3, 1, 2, 0.599, 0
4, 4, 3, 1, 3, 0.414, 0
4, 4, 3, 1, 4, 0.731, 0
4, 4, 3, 2, 0, 0.611, 0
4, 4, 3, 2, 1, 0.711, 0
4, 4, 3, 2, 2, 0.743, 0
4, 4, 3, 2, 3, 0.038, 0
4, 4, 3, 2, 4, 0.056, 0
4, 4, 3, 3, 0, 0.800, 0
4, 4, 3, 3, 1, 0.248, 0
4, 4, 3, 3, 2, 0.084, 0
4, 4, 3, 3, 3, 0.621, 0
4, 4, 3, 3, 4, 0.950, 0
4, 4, 3, 4, 0, 0.317, 0
4, 4, 3, 4, 1, 0.051, 0
4, 4, 3, 4, 2, 0.713, 0
4, 4, 3, 4, 3, 0.220, 0
4, 4, 3, 4, 4, 0.453, 0
4, 4, 4, 0, 0, 0.454, 0
4, 4, 4, 0, 1, 0.565, 0
4, 4, 4, 0, 2, 0.967, 0
4, 4, 4, 0, 3, 0.592, 0
4, 4, 4, 0, 4, 0.381, 0
4, 4, 4, 1, 0, 0.915, 0
4, 4, 4, 1, 1, 0.666, 0
4, 4, 4, 1, 2, 0.271, 0
4, 4, 4, 1, 3, 0.488, 0
4, 4, 4, 1, 4, 0.703, 0
4, 4, 4, 2, 0, -0.635, 11
4, 4, 4, 2, 1, -0.456, 14
4, 4, 4, 2, 2, -0.245, 11
4, 4, 4, 2, 3, -0.030, 12
4, 4, 4, 2, 4, -0.118, 26
4, 4, 4, 3, 0, 0.391, 0
4, 4, 4, 3, 1, 0.628, 0
4, 4, 4, 3, 2, 0.965, 0
4, 4, 4, 3, 3, 0.694, 0
4, 4, 4, 3, 4, 0.840, 0
4, 4, 4, 4, 0, 0.801, 0
4, 4, 4, 4, 1, 0.472, 0
4, 4, 4, 4, 2, 0.726, 0
4, 4, 4, 4, 3, 0.799, 0
4, 4, 4, 4, 4, 0.078, 0
